832838
392068
443009
237658
262692
831024
776987
677577
819173
518150
59110
898694
221007
867516
294467
580963
345561
343822
932812
562180
829452
276317
632039
667227
670789
6036
343965
520060
882862
177193
561826
302122
336058
609523
796401
812412
542888
595595
606482
857335
290469
655603
799442
952534
705456
751855
738943
554260
548310
716176
49371
554448
276990
175637
390350
571507
694550
575544
389778
647948
800779
993295
270041
326296
804951
312729
179681
716380
124919
985807
751521
89897
597181
46927
948322
742287
53225
264929
828323
347278
879375
318783
465562
796088
170517
665235
893656
561101
612503
330104
606764
952941
283690
199689
847748
250238
152992
514709
641075
572946
169979
176418
286802
542959
491983
163034
822023
229853
573816
824324
777451
614941
557640
73175
409321
823421
643685
525217
470639
672265
896911
451014
500789
660583
250399
98
558822
389550
303155
532078
303312
540592
878176
47268
330394
963381
206039
647808
721718
129273
29951
679908
825252
191193
890099
708874
394501
157569
338301
760793
345404
235757
858393
328194
555291
229517
823417
481793
324519
985437
907636
56332
348964
274815
989508
285819
310338
170358
731227
451904
481324
931143
701051
78865
63839
644665
116578
959674
331236
391380
30298
829810
29076
494997
53145
818979
904134
500894
517442
905632
677578
885367
317575
475139
255808
140038
534838
739692
481244
798576
352368
216529
265364
177024
696708
680739
517607
84332
504466
9938
886281
526331
505716
120298
961403
474230
940169
756898
254460
97792
677832
246102
966327
473742
802789
443627
282170
671524
836874
19208
690899
291380
429452
907237
616810
983864
520165
222467
472339
215184
693440
190880
93372
559452
686676
678004
402360
96692
788498
710475
59535
74627
169083
981354
808780
852556
21496
705671
202281
287292
761145
349925
396864
143940
429862
697714
754939
818403
881794
433425
54306
643886
290190
926860
213572
320230
7356
183932
573747
552776
834426
992009
941610
816570
313308
133245
796740
272060
740042
165187
291627
250033
216975
675179
933078
396409
210607
103570
123184
521593
762566
200461
59369
434444
713148
931671
845627
557533
39970
181885
50790
918190
688728
916366
364762
188958
78711
557375
449903
811429
802625
207415
562299
879017
908462
8622
26459
377095
550539
366127
186983
583012
727534
982937
32082
913868
287213
654824
286314
276518
370744
555999
403747
22128
993894
309769
557754
936710
518062
483129
419953
309425
351027
270214
248348
12016
335452
36762
563503
695617
932589
86208
481636
665273
489308
477769
594790
727835
588477
977844
140794
325545
725891
258288
89507
565429
331350
268589
686884
333741
457177
303712
944673
545059
294333
665345
541133
717208
44519
971500
606890
486076
575987
107923
910149
378445
721529
534463
26733
146356
38954
160555
182963
233094
347588
286177
593190
488743
378689
168126
278832
82375
433393
616192
552039
668256
28667
649766
574677
255102
129939
652674
662083
900213
718493
652465
291093
304461
122348
320157
93150
619439
751306
37370
465806
294677
619955
910047
819752
590698
316893
921410
893519
462759
884046
511536
14322
880521
406909
746917
661013
290445
984668
900589
193929
850579
148619
701893
156450
271537
727904
734658
124373
582751
623566
463578
681745
909755
945028
150768
735582
396056
487562
487978
46954
732278
584944
114651
552196
365602
958427
318011
775540
354135
301318
118568
393262
3694
987861
632924
799468
878581
475796
75483
344938
513284
683868
11637
772993
168645
868737
507243
260109
273886
300142
632671
384086
774971
338848
374422
288831
470150
358805
383321
292373
555141
323131
145478
193505
23215
722920
100720
572511
269613
18562
952895
452679
235019
685175
917460
791903
689443
456884
933946
407399
805723
389149
934422
101657
939
913943
103753
954002
134392
149564
693473
969692
542412
344962
358282
537269
63095
487933
172679
434911
158173
787159
454946
447834
474590
950001
276704
11324
704932
921118
68458
677759
403734
21396
45042
621052
495766
232323
269602
838185
572786
707894
50729
185101
716796
464249
24567
892957
510754
596698
712223
750820
101739
304432
562513
712145
666947
465140
491064
284948
399499
494911
709010
699339
178879
753221
198010
511151
419929
808458
533025
996661
204689
466376
880284
420969
692946
581992
905092
21365
980238
324898
12589
337060
26141
748598
814339
337958
11023
226395
964553
657664
496048
559537
542020
119732
59079
337711
967267
661183
658212
437677
39211
703620
835023
382713
51548
999793
11242
653732
106318
992282
555383
942333
680613
760977
999973
766717
222069
707328
775392
833299
49800
225909
92911
20045
119633
747574
157380
881934
275996
703573
719123
134644
457524
156256
84935
659452
949437
69538
99704
190522
182957
451095
282982
995141
770527
888289
259007
538172
435295
321118
853941
333846
244333
248019
750770
931238
87258
944149
390113
254157
655419
686796
884303
321830
271540
428876
72465
713716
795665
838999
485899
9909
490504
135386
915948
838029
167740
680942
480610
88146
156589
878101
571527
319216
636872
504583
829562
373652
661109
264992
345061
741081
753582
998230
607948
267995
319087
676995
343206
396924
220029
63145
258865
236909
787776
641538
906476
416496
222632
244958
308157
851095
806543
604063
739646
268503
603616
908791
75401
579526
355746
351483
399624
955061
94146
537006
166213
776662
582283
591445
50970
464523
81701
778476
781018
554982
89457
441333
649210
299062
634341
128288
125441
484226
438812
830902
962095
143437
754531
366787
457484
308783
961609
72456
88980
991338
85175
136858
556635
124594
227579
102466
388455
295713
540517
288369
650068
707008
768631
148556
974404
959493
584554
868665
81093
930977
905150
825733
190635
233119
129642
888021
255014
475008
772560
915798
724252
835262
277925
238977
647543
250270
895791
333821
267904
863172
378262
398436
910935
246268
909323
35596
891090
309030
121294
791451
362993
734489
270449
869984
530659
248737
645320
945603
394105
21421
63424
630049
260671
19518
875633
814863
577471
192362
242146
806883
251772
952784
569965
901868
517660
537416
909040
800046
580238
478612
792709
57494
722683
601083
477778
588506
296849
668301
790573
86647
34704
46853
817523
116007
415737
531358
492307
539173
404573
778212
726318
894751
733388
633365
105183
314795
45322
7458
331307
581306
637924
851106
530865
960976
249785
213741
263425
528665
318848
331367
573332
792632
407500
181728
704221
568326
37391
969819
161515
212578
6040
562308
652465
526338
367623
976391
59295
861630
651949
646727
8209
227187
568490
343530
785528
477267
396412
295576
321932
989451
496920
283761
716742
589748
900839
214034
306457
867120
722169
952958
595171
434608
227511
14761
459274
140484
751550
25723
914786
710427
290435
759860
392926
810506
527710
939283
907961
60772
251580
923316
721134
100577
607614
872309
105451
409246
397640
965303
598290
219562
683375
775073
692331
526510
282486
959780
259992
890049
355109
17334
132539
458226
170451
966776
162278
395693
315956
470370
784705
692791
65628
90772
567205
151578
359428
89563
481900
197795
862308
416583
672432
51490
869238
313932
297973
704094
401743
264151
632472
96022
701773
849033
973122
866410
470363
453652
69258
55393
621359
649629
721375
179360
24627
522323
919687
170917
698475
168526
392610
777830
177646
84422
717794
149004
331082
187998
211794
500590
732751
775713
659210
951614
799211
800199
568083
846054
299142
473897
45575
137062
512973
352956
576447
699111
274796
736387
956537
755084
364143
427378
384472
957905
231772
646838
247017
50069
841484
163659
446994
439493
489084
511833
217383
476369
819950
501498
241229
693278
908282
99131
554192
779576
183942
151533
145044
601120
196918
358898
389162
147698
694767
364206
451036
893042
255033
819298
574020
686119
762445
812448
739068
957422
349833
97882
518887
720257
32041
154616
79924
574596
153708
220164
191863
679825
944662
94056
792727
452759
930748
686786
127459
568609
683282
1727
728800
695086
406915
480694
541530
273655
163547
418278
304594
576966
109025
455717
900379
217781
979725
1986
756374
262271
207699
797967
541677
109321
465946
738958
339288
337547
149436
501451
194854
792998
282897
482018
443500
293054
612964
49322
498628
455847
190123
134662
850020
329537
575033
742151
863316
692078
914093
46508
598916
119663
520794
364651
275591
180795
272186
436639
192533
403004
83931
132239
893342
980481
962754
911239
106397
543489
651692
108854
528285
694140
681418
391941
830457
428223
719989
537431
363990
9018
473753
21284
913309
336583
33710
774445
506974
364803
484519
861690
732072
658497
797404
769920
218526
754209
513591
454361
960570
590809
491498
284319
924902
909848
38751
554512
958467
190638
79204
283719
353572
381307
615492
609338
554021
414646
639255
204671
393144
256323
813991
795121
943113
23100
709656
30163
524653
529969
103411
679894
677199
477659
877580
368077
921849
375764
343686
828056
962847
211774
400574
973563
568148
822590
794943
913345
745519
902617
894242
406722
987905
591357
804721
156586
300247
623437
371536
767016
439657
95288
583142
154612
301860
5266
168844
695797
669001
857754
726188
416759
597427
786854
544003
88377
568760
851551
397245
175359
153559
381768
981403
207037
344092
513539
327064
286614
901235
341540
489352
136378
30197
438532
42302
288278
450810
843785
424828
772431
460283
6363
982793
930545
899851
584179
630808
786915
31443
446012
417711
746537
206471
701227
921306
258076
866104
90726
320776
478828
850802
612696
199287
909479
216695
828008
614663
428376
757278
892654
742605
148194
211204
998416
444768
42297
700372
567987
443140
343752
287265
247042
392489
306868
666456
463331
34264
39301
912444
81609
788178
762179
894425
473303
591812
36355
438375
141068
533917
204831
567754
890946
843707
544538
186399
428619
96279
395088
380636
171296
73396
837754
112366
13051
579229
334896
450867
758976
652252
108151
648263
952310
37320
933168
302119
858716
486102
459323
568304
443206
439336
124739
888278
277718
911032
230132
977166
451159
942550
759404
882474
718763
823629
90561
768000
323893
387744
827452
703500
152969
80820
601015
147893
142983
175144
838076
2229
151104
454446
176464
78429
817165
931440
417094
580727
302366
675761
646832
729007
171310
628034
440376
966693
99532
354971
855059
290567
534973
60676
269375
115888
919381
811009
984214
747388
584419
850651
905184
965217
977298
96667
555089
454617
442034
377661
127514
809109
384973
754272
285664
619166
287029
304570
934997
721858
690085
87037
253858
31659
981342
604160
853241
498583
526896
981262
54973
647067
464644
248061
927010
837453
256646
564530
895227
861693
922352
968002
462966
735845
726663
235054
812798
584166
980561
749550
839360
323091
527095
847346
467771
448096
431802
968487
949091
602451
374165
89343
192400
764046
245523
329980
92525
825003
498859
336159
243093
58482
867209
20707
386494
468066
169951
515620
445526
297354
60040
734085
5875
40849
730277
770733
674287
141966
793006
478769
824155
189957
775157
954244
858462
834782
929359
330565
269386
827418
351868
240453
454568
562843
719347
537923
461947
253895
309096
389424
578234
396434
351092
641167
950502
499725
175241
448761
236048
150662
63560
515603
612580
356456
194507
928106
348963
767612
575499
498682
536162
821524
399674
731496
508676
66715
834262
11363
948702
928739
850452
382769
658385
961007
338432
333832
509974
187225
416340
329140
139329
486925
538127
445734
535156
101481
732875
358127
794518
245290
66929
91079
964557
495211
210197
412974
71060
101148
809308
477971
146393
611581
222819
341729
312491
240114
57470
273327
749024
212567
859526
365135
682509
928877
261524
802721
369043
150034
862291
298481
411529
577526
126882
615542
651640
131219
633131
812586
307458
951350
62793
825586
989638
651264
437795
269057
722091
629772
235911
887270
117614
315465
185197
914985
414553
60068
732827
717600
167497
23873
411508
472230
3167
803527
585437
324065
2070
740931
347795
406463
947179
821719
663084
348606
892764
822783
200127
411102
249729
900513
685357
187820
858158
124917
21054
891314
323486
559508
859472
599547
229598
362801
801356
483239
710342
44536
896119
956009
260326
448161
660982
893578
596581
250888
407711
553652
844533
773573
268065
594720
314927
674923
942909
639834
662751
667999
864947
160547
274868
741709
161354
66542
319975
495957
530092
278086
12683
106368
902502
731272
292926
122942
554813
720161
302549
776760
152463
215232
752872
719797
63710
814194
520164
155182
162764
279037
580396
128650
257730
192323
700275
346725
224934
126039
138531
263103
908749
857982
979515
331952
854811
593446
620660
265317
984587
854112
365966
851547
390494
681405
39595
392640
533368
68141
26855
100604
257825
80184
174227
856461
206112
958908
535771
580190
407335
605619
40174
85916
46492
240683
770833
703871
676525
702986
700817
139123
426636
809419
405197
6815
81422
429446
485134
234591
257900
446430
181321
55173
291295
575221
928740
625467
855508
84614
410387
403357
790445
833664
4541
289273
85968
672400
388281
196896
480973
180375
459407
155789
676171
920568
669558
268513
730433
871509
323262
845738
813075
467098
390773
825084
118283
721454
907017
142934
412890
245206
84596
73135
385022
570018
855724
672543
688657
89720
676129
380532
337941
99283
73388
508116
895139
866958
602800
822023
717380
410291
585822
680053
379922
663259
249281
206285
277403
19711
657953
808148
319641
817320
138793
932133
584791
186647
731997
330874
770222
831515
572245
271550
290273
729734
2900
54072
910069
447318
656580
927189
875886
744696
697452
991684
605078
420020
913758
962008
132376
882506
373483
721204
674402
777879
911767
448695
870547
98309
805543
726484
485864
600857
609077
436533
620470
31272
273480
450577
759931
604114
353938
83364
322445
425501
320312
31242
711145
61397
729931
50317
263633
252201
295808
941797
905930
853500
689181
506941
764258
443216
252182
9951
465672
676934
664628
344408
367293
396122
8298
537297
493979
697972
602777
444444
535525
661018
448810
492092
857035
187229
108321
101641
109917
469174
374623
998008
695944
919919
142045
946803
33167
13694
471094
591499
299972
376962
963429
968990
92364
642354
210380
970428
219610
32087
259338
483910
684665
372757
754332
206638
748330
260087
650217
146316
859882
389980
174339
645097
151978
651392
15199
354070
143889
436856
554547
962286
274685
768099
327523
641522
896769
257051
794833
106487
400210
626635
941674
909866
209585
501095
179962
92618
497623
442196
523654
592123
593694
755518
31317
874286
230235
420122
65781
100421
966518
605256
7627
765700
356670
629362
677432
153209
687659
889466
871075
136102
403009
243193
93131
830076
649278
560932
785215
349389
734881
682342
89391
451827
674637
809192
461089
171556
408435
445662
251711
633467
728726
357560
717960
118640
429085
663536
783141
107760
694850
94195
275059
467801
296932
659149
295820
167009
721118
447365
840761
904216
967787
52789
776883
820717
390712
165075
815585
26429
608670
194336
170163
16790
219864
409208
175439
182810
776728
959094
265074
523928
237427
324333
351500
361799
900450
192116
834097
322870
649960
491343
173150
108565
192097
336195
210262
604144
846237
926077
190362
690760
370252
28653
746043
719982
245065
533077
941953
986008
821399
702106
845066
688047
740341
174642
986102
813789
79430
474349
508040
94645
747241
765337
759540
684386
751989
862523
584313
495061
103451
52105
581828
187528
272568
106715
170467
658682
329345
990146
371114
493411
107245
138155
847342
256573
1019
874715
887785
688732
294989
477154
696919
839140
240081
639001
572426
920407
450417
595955
290448
201560
574114
978228
294472
569621
607928
531639
89235
484619
671704
210160
577978
928869
536114
784253
949497
608621
705956
32141
120911
104642
401347
785308
672684
888014
350386
584837
674362
118421
909460
471808
792685
924414
661109
482843
598085
428628
304421
750963
41309
125648
349229
722296
658778
346190
852903
890752
183465
448505
197324
625664
887511
66378
693672
121470
163429
212827
623948
233860
562691
289576
180676
983448
753622
84615
650045
805836
634992
653628
98762
206069
147290
575790
771194
335822
160649
450434
380917
153258
186505
658279
489569
248355
559510
349436
205940
120594
166880
340072
509548
681261
764268
100662
605450
19204
410418
300911
850857
16750
577278
439975
959147
231589
47893
935270
383162
570767
801352
669195
7213
674549
702168
400273
536013
600767
960955
633730
258779
354344
13861
516217
188058
42070
680191
70402
925350
949278
200765
617349
989407
632944
34009
548095
758102
204824
92425
700559
621086
338580
439002
473896
417955
176484
331281
469633
745460
234108
900242
887389
257327
605511
681780
122743
651539
256823
680527
15742
642475
962665
638867
980810
849087
487762
708466
812266
195337
945155
777261
304408
115415
872797
291795
951078
583766
461922
532920
896860
748791
543398
952341
542
739078
392422
358099
341184
32348
147223
449032
748138
629809
654065
441415
968551
162420
848694
305366
899415
970596
363459
434320
905894
145188
909706
407734
623684
495079
126630
875386
800351
415571
10637
491025
669107
671738
743358
253813
68167
182236
721806
577888
19844
991571
860795
903566
765742
752661
785541
688092
317900
206508
361525
169543
430453
342140
119008
384358
522353
147486
521205
537184
488936
120646
697970
971093
528584
1074
220965
666927
80448
501448
731605
412421
720204
173567
749705
524917
393006
925400
788578
285918
676306
121440
981461
51367
859922
644806
784483
338463
506706
777094
962979
57998
814416
260750
990844
460600
537837
448766
196671
295933
449954
17829
475813
145830
321942
323541
154093
885483
183960
110164
636721
751236
192228
952349
805117
549207
772576
502615
734652
125835
836639
345875
197942
339668
774106
21101
591183
423081
612890
560259
375098
803283
208819
715923
857447
163918
577445
901528
160615
771673
512750
752013
515688
866782
451064
127631
603493
221924
133170
330000
523445
810971
993606
277014
112649
897167
363371
392006
760541
749780
510712
2614
568479
628871
264428
116075
689014
639810
465058
540205
946204
552267
771594
453151
386164
702862
414803
689975
236154
656311
332976
210495
860862
386810
751914
440266
696137
359576
678163
435461
813275
41873
963009
112361
721066
53504
564450
103531
248172
378689
385371
155242
864982
804393
598317
364517
601967
24582
680811
969214
800646
655561
479823
850834
293637
744456
500009
387305
251841
221063
267568
801754
859702
142700
60008
693348
183551
512382
511883
7544
83399
912514
607508
305654
785173
189501
353895
827398
778207
949069
990627
505176
31909
677750
938134
785061
135903
892909
811765
837074
859503
841856
736335
496066
799271
919986
884252
64595
237476
158576
630087
930470
69649
844753
965417
804152
676019
579343
849989
265019
909457
852704
988745
220534
951691
524310
118968
828623
649856
428786
267774
411141
87091
699223
597423
895071
563717
298071
394386
358145
869647
676500
477829
326874
714026
445106
804156
577495
444690
431947
326488
324153
737911
528342
231408
843663
767961
278508
520059
782475
476421
256050
526635
619044
952711
888448
374535
13539
610234
540134
558946
66914
796552
345390
814317
832627
711440
494233
176186
776841
23206
417597
679046
266720
371551
592544
445392
581485
24326
493920
15851
387183
315910
555741
646242
93650
136521
873806
954661
20939
664635
780422
740149
842544
738768
352781
14243
344014
750274
378481
287658
138102
705343
294803
936622
611386
152312
142800
36802
42324
999441
632908
397542
527024
858693
5693
655076
76501
442645
489541
190614
8038
714515
806477
327682
543255
945384
357984
732819
346829
568049
434608
194702
592290
733550
36285
989018
25168
774242
664759
849853
408759
356427
755099
163119
684086
965858
250270
373488
153168
511086
190841
753569
3502
252419
91359
622490
531697
968405
305560
820819
495481
257088
544512
749717
125871
135864
204946
564419
465035
651671
189450
175668
860472
42282
455860
557401
642373
99878
620087
484997
238601
779645
554815
235606
240502
769002
75876
970564
222796
687177
488799
489616
442093
820177
979957
797660
891118
812825
579846
456933
569508
537372
700515
11058
247101
437299
54772
862074
441903
5271
101739
857569
812483
695826
31473
502245
673311
496195
700808
146737
881615
582790
863197
726221
915606
976233
497301
622332
566461
874387
32186
4126
300263
390726
791431
567317
11092
754473
34112
935735
582814
639267
557525
114916
404580
178761
944697
294986
743907
400370
189136
988462
671198
262502
609927
958323
50877
215966
682217
642674
966840
226832
651275
814566
833731
495885
572739
29011
360552
688924
727325
3926
479460
352472
195178
457776
330091
331116
743221
83848
398576
425502
78269
279611
950425
234146
949326
969328
967784
107544
544428
359047
904054
409688
120515
745361
702701
829938
829269
562762
692096
317305
257503
699175
164517
319531
287590
735208
675005
401005
501607
169909
354510
986333
502264
884258
821861
930547
204360
63396
600326
852255
362427
549529
297114
682640
343373
129694
187923
681074
427369
576044
263703
247215
725860
351036
243083
219793
142537
765881
531444
993913
671222
37846
616414
711540
724064
130471
929612
983936
114110
480485
775726
90173
778205
716200
532596
362443
319359
254367
959704
516745
972126
225966
117566
16620
650208
526127
96780
167973
322408
909358
483023
534597
81211
958472
243103
436892
917712
444100
507171
750364
397241
61384
543530
955823
141980
781432
74991
409841
270001
87339
969517
101831
714600
178066
252945
743260
653439
818171
337853
894820
113930
887390
340198
979011
189481
841273
364105
448422
200588
232565
675274
84114
565486
162757
754708
383842
106920
34177
327054
266475
14824
255262
591596
866807
709047
615096
49014
24067
401992
888032
513277
177777
247896
855205
125614
776214
583669
336953
446262
975585
915630
18649
989750
362120
987115
822179
890763
664646
473873
326258
740163
941801
597324
271023
14543
525900
220142
495812
937718
84577
794339
753755
58852
521647
868888
722793
309464
80288
732125
189968
810333
934425
163560
824281
239372
758376
200417
173176
142821
250092
286092
518657
174661
350002
160948
11284
882924
945262
380213
63768
326621
178345
399456
330607
503310
89258
755010
726200
294835
212247
984885
841068
397596
920739
585116
804330
493709
768351
477175
110263
740743
809143
173959
177804
510217
896905
75066
444018
188875
261125
96462
606095
771761
236361
145302
221113
922414
882125
787609
248812
153061
371956
824649
279836
786444
453238
393271
130393
400978
983407
636142
203988
532220
533532
949716
521866
506170
316891
310952
606048
413704
247972
208192
462301
400496
766459
257292
755100
643059
171114
671002
892649
609076
600042
367758
147222
458996
466717
655466
124584
735894
115206
106518
865964
811877
693426
452191
617036
911883
759812
67758
830591
919486
936698
894038
283052
584363
2737
446780
279729
197376
177109
902206
799650
276762
989811
115168
88089
317691
55212
825833
643319
197525
270133
241426
763911
400375
443090
641520
823824
827099
127905
648490
224790
590674
482774
329186
538966
861921
304966
349529
699539
526831
1673
990662
222967
144306
149159
953432
353750
451891
465170
527424
711114
457139
473701
881390
486698
973512
876551
943879
493342
312285
662702
585987
397260
725693
284413
592608
279399
111611
808007
214192
266487
436329
807713
927961
348247
309546
912486
405669
654504
154486
338610
584433
404363
456059
444971
167811
459378
641323
333263
846208
913598
248988
781953
18897
435621
178545
350731
824281
141236
974602
321224
840785
619982
298311
250144
907572
364927
965326
302613
132546
262178
188490
206287
304430
985138
953514
620966
606440
108227
777184
953769
740938
505780
450187
166528
317649
134042
750410
919914
632421
607678
527644
477900
769167
76930
6863
156554
294570
787522
634847
742695
683254
362666
303649
230859
10580
284969
324488
431080
380862
275788
96913
485367
20715
270550
20642
97343
960439
470776
831248
327380
750701
517034
205920
134648
717515
171767
181811
457868
845358
26911
657018
518133
496483
658466
3038
200046
823875
338638
607575
821498
915965
885903
987870
337773
423133
484328
967248
42264
659196
335701
291398
123944
945486
821508
975897
20827
270800
446503
622824
369010
177398
211629
921806
488489
151399
221222
559661
769798
695356
267969
802830
29607
691423
858759
88061
888787
625454
645586
59386
493029
735566
507861
623183
443983
173053
595986
758179
637955
819265
490760
13519
819568
488934
259156
855591
49402
868620
594260
283060
957459
688345
415611
419617
608411
305165
275921
115236
39953
89337
671133
939271
52156
746886
883000
332511
623598
986822
296832
100356
409124
746899
231808
875558
134460
528724
197204
656517
344502
261196
145130
35910
884929
510665
728836
274467
700943
786861
795376
945997
22226
155566
342409
482311
769862
362160
951108
580475
68779
194579
270670
99859
78413
869916
474609
772753
964597
815758
735010
779839
727318
335580
668143
620
771829
296874
393318
538921
564682
161390
316569
944890
451638
388775
1766
407451
730972
488036
523952
74954
373569
765708
513175
576807
360305
125233
691850
765165
467545
108995
84618
673282
473203
742610
236910
695941
178666
640485
716931
37391
345966
262322
895442
543516
634958
172174
498767
137529
891839
644784
712622
212218
688229
988409
677864
496864
839097
508940
63990
113207
738191
127079
32176
762384
741236
278481
306883
243562
499995
876195
263532
795003
104406
795392
909475
69627
125356
552276
386466
909625
167253
592270
155066
468525
337401
876934
334883
644085
118315
264786
769290
231746
489407
518074
259221
685857
786145
635724
67892
884712
707585
612115
236755
835456
87299
651976
472725
826228
528073
333626
367703
135417
767356
205934
493630
41726
688273
828806
479798
543771
220131
322647
523860
894203
982714
79186
913968
780930
420218
404182
46685
746764
343583
511989
113794
228869
254042
472571
100862
420683
556076
423524
991392
11525
784560
602768
102600
742868
268739
532050
292382
635321
234775
987008
371693
686655
208947
226491
432600
818705
725217
321989
959467
859836
763677
327428
529197
389631
50551
460269
626213
343810
335731
426752
598806
379872
30455
517288
65736
137788
135571
122418
145406
695083
219946
875435
724705
711939
318917
714662
610556
989510
14291
776542
814439
423389
630259
180132
408655
624258
433667
444232
362795
798986
962461
490305
519874
838026
122728
927517
403814
938724
492576
590616
863425
509201
350234
107057
652778
543750
304074
606693
923822
138244
43891
555479
264337
322835
655593
94119
352787
929242
145576
193172
521359
781250
306412
398111
519461
99558
822074
930956
552164
645911
558764
439529
231571
796476
316524
741039
423792
430743
927176
493629
100218
249738
475687
847660
208971
896133
594975
777951
270933
38900
238220
978827
874428
406401
68118
915762
493663
604393
619113
870564
88211
439182
686508
591452
754339
381207
975420
465060
293671
750639
902949
964291
940688
184097
588475
494136
647765
950393
489898
656958
264942
723230
847715
389434
671335
490103
84163
385239
416095
379159
571300
710731
709012
319574
729713
545309
664378
616051
248652
533785
546417
714319
328753
325002
390590
662059
240098
489132
782295
28476
161220
155469
762959
335759
218760
393211
803262
376985
882848
569639
534180
147539
389843
663259
458797
500924
661977
783889
181279
54870
272491
957352
784151
319933
365244
569315
860982
500343
79358
731020
368827
925599
952320
229035
903219
611397
979054
651829
218280
19740
489851
747902
815435
690624
776615
63335
206504
51477
444757
431063
20365
375583
797167
939836
467154
556997
167040
597738
799916
97000
7928
23298
320858
455931
722271
146657
167830
714286
663709
83890
586387
308233
483896
59537
643766
457266
11068
495511
373324
785481
145529
159018
151478
553021
836280
567735
703903
860497
63384
687461
513722
166766
892268
325564
561656
469202
88997
523013
266565
535656
489666
678406
214549
648596
302412
99346
765751
424423
787149
169677
910236
404792
305959
345479
807771
281772
566213
748443
291110
814988
988809
