937966
7110
867885
59059
832594
88922
603545
745377
201305
442607
176739
399584
452611
518068
458794
583252
690993
481284
354918
952566
449546
902176
659681
298078
324916
48787
725808
75064
65342
701125
52281
881299
530769
55268
406526
261922
343445
726785
635485
425162
978022
82275
891708
938037
502161
128775
603070
237768
171758
973042
148587
842470
609334
426180
867764
473798
349807
673797
727268
914584
124770
57882
696208
316087
374555
923779
640111
842343
126799
174164
333735
993195
560861
641595
14119
682942
289390
642243
747846
168135
631469
105590
770243
215921
926214
488388
869323
483409
241331
275879
833519
938914
668082
249274
959855
297511
762250
855689
627919
866198
590135
955239
985106
898060
269234
939692
859849
540189
855223
718091
122110
726700
919985
346951
844184
916050
189855
146126
779922
400954
168922
986172
876751
29563
759138
59008
762415
568150
507139
850884
407164
608415
257115
225178
452129
876613
669713
492229
15928
37071
278889
94433
144096
599250
501762
67006
449695
335371
290970
748348
908522
694706
924665
308623
218606
61023
766218
541178
611249
341226
693844
18627
509605
296133
299812
153921
970905
228397
889517
926448
419640
127947
772647
34168
781633
141925
331831
15036
762656
283942
878549
444429
680324
626584
361778
660025
954285
831437
581741
591560
87240
762523
679298
180099
728141
101871
320939
559972
198953
340058
179981
646202
687623
249909
26512
21267
162496
968129
981773
47258
947138
107531
267082
942950
809631
901562
83085
160055
366642
243260
91998
768893
580142
622299
343723
720940
133417
386686
386070
794189
513067
459755
730037
747000
694974
628441
802982
707064
434756
785452
15694
104367
297008
55778
593786
520490
722690
567087
379492
671312
630290
733924
896877
366176
273935
317199
591607
693783
340422
193344
305870
873570
557164
721576
729687
181045
404348
833088
781765
106544
877137
482574
616207
439073
627530
900362
225830
280415
230552
162493
418469
89362
765702
956501
279588
731954
382173
62172
102678
170799
25096
989479
168321
865042
40139
419954
683484
172271
945061
583117
654504
44631
259361
466189
460402
93640
916967
803163
417567
661663
451916
118414
682519
882768
843311
710371
426390
841605
633335
352380
332885
846232
690923
660756
120950
519255
783711
534077
974004
881384
942189
803184
469507
852482
452506
247911
845829
627425
198179
434428
217753
197540
985986
406198
657661
883138
437613
121879
896319
118631
6182
675120
765370
888938
685542
754043
403053
154366
20280
502305
675325
320900
95673
928994
226469
313769
289350
281192
66467
94420
700230
340931
626780
524502
335320
437320
771903
325157
331270
75007
340913
505950
715103
471729
411447
44926
467342
970565
627923
789829
940776
246585
616504
520186
9419
462967
721203
860972
674731
48235
38708
270787
239986
564142
3899
640948
578683
212800
583718
136632
469206
892031
473939
787178
445468
349504
561578
989898
122065
909075
315076
530186
492511
446862
695052
940495
270400
779905
640363
21669
945892
396910
177330
132400
863717
508388
724449
416011
293898
722613
220524
478524
162717
264192
291120
157925
838982
543615
786351
931783
129411
59016
672478
198856
427031
65494
440412
140011
777755
182651
906171
114824
482835
127666
521473
582382
738700
59018
87079
348342
730694
595104
67159
534996
543565
432354
539862
47079
229034
629018
187454
463283
379633
43685
628772
221919
597965
121667
827434
688881
321895
207756
271148
197073
568675
830444
110618
428644
294818
950566
470982
574901
233566
996403
704354
553444
268081
617669
438978
188100
626049
482369
898652
664407
440146
113394
115503
761913
508881
715809
339853
334261
413600
181143
162833
259018
499984
971595
610559
611428
616165
384918
743113
129747
914618
779840
97216
134539
471272
702247
648419
940303
952839
493941
836766
455010
72122
888642
599346
101617
111135
304003
283765
415349
363126
23769
778517
671513
947153
230789
189387
680841
82645
899472
915423
452828
576419
885355
33701
772269
970917
159811
488995
860154
529957
29533
702647
197336
997096
353270
864333
277844
851722
222404
351103
528430
609301
307294
429965
881955
564735
87934
643458
524395
261573
485306
52080
148768
884853
988918
813088
643973
721668
236369
412108
522552
811047
142387
232154
548554
913567
97631
44077
965225
971128
461646
433115
441909
298628
559737
138144
360571
851802
660087
773377
344551
49280
955339
426700
995655
791972
401937
184461
650384
519156
380872
719471
592123
368194
535104
697129
563297
763596
811752
904001
610005
51183
691267
683840
261355
114391
821149
477948
796707
262291
788368
9969
886251
62710
562496
929571
203835
208847
220676
535183
705666
954091
925883
532842
144509
127278
771554
656376
46203
249412
28498
373565
813825
812911
534111
833581
844537
355749
449271
672928
545120
565361
374877
290260
914461
281026
867874
724879
924695
928417
725669
329371
277454
616360
18238
13746
237653
853325
738793
956635
154451
600011
116737
328489
967517
164383
90752
752389
466465
266845
175198
940015
322265
455744
969604
183449
941711
937209
858902
157937
9455
798346
31130
796375
176891
549133
799711
833202
733092
885858
358975
983561
250304
587759
524502
622984
134889
498565
713903
263534
734427
615902
409049
84249
152583
414092
607346
266889
205630
659659
317509
912409
17960
143869
984374
869254
598670
952965
837676
891453
367245
124248
551267
162698
3645
794992
272158
371975
186516
241175
32831
206981
753031
524327
795624
343505
564792
817334
894621
752060
896489
863800
438286
417539
477463
440648
315225
373251
411073
139891
805777
287686
72702
263067
443765
710458
744517
130620
695565
483330
183528
648530
227770
752872
539241
545815
20071
483217
38176
299022
346578
360550
634738
393676
696652
505375
391418
237619
35432
464272
696007
737536
414585
539765
549510
277440
835405
635094
65662
596724
439239
440085
11400
855401
554338
964995
687416
995443
863552
141109
698871
359690
973918
450024
198548
413558
967013
317997
998269
329848
88083
317360
539045
143211
592267
53956
86470
158393
907878
987683
675062
305164
699520
332672
263741
172861
117948
614268
284355
528782
508904
421919
266159
227197
119803
390211
501344
549543
890935
464746
780237
181380
247020
65175
69466
228016
915245
844649
632416
898209
187544
363095
498474
744175
717737
141143
376082
636140
898224
242211
74327
970987
96305
742124
248753
967086
546769
188869
819350
281155
495297
429444
722110
598091
266254
986466
750294
290942
288868
504092
117513
725777
757348
650974
31971
294971
523366
267402
9668
802473
23416
474423
874117
395910
528935
924672
391089
842930
773647
367772
269125
582949
60466
227627
820034
650541
279375
944552
918332
262974
878067
422111
24540
591945
718731
36715
944484
998347
927200
317422
685241
798955
294809
584061
238061
455193
528645
543701
369613
926689
662469
88679
535104
816109
238452
313770
840300
846822
448968
75796
574210
161188
288027
255841
210180
904868
903546
252439
930336
571278
764510
133484
666836
620391
961142
