79586
340216
882027
159660
107276
70909
95763
697762
336585
395889
943128
95446
995080
408217
959871
265175
265947
513551
59764
988626
699989
585486
228586
556462
902410
433217
504500
666232
105743
852267
880118
611365
545958
123822
707822
654625
395666
204143
167463
620952
376540
2767
364322
167490
72450
86691
665297
892699
395508
867451
952521
431792
619100
828989
576202
952353
885179
636426
922230
11834
117469
29338
675144
567726
827938
247847
53365
41578
390773
365848
521095
729586
976275
312860
740113
525394
486504
554545
814717
874792
515166
371589
204351
117378
566140
427660
31006
886843
508220
849388
892247
39404
518060
354746
705809
658975
568964
60996
557919
48070
860075
479289
5116
254984
448712
860266
788078
610684
747969
493471
456028
952924
482396
783118
971564
700456
156473
923727
968326
706825
83770
781374
967660
871043
549065
149770
525521
811609
731412
895128
977112
520613
603006
629724
174315
806340
136901
461314
369754
505576
806023
54033
191363
900975
536599
706118
472636
514145
991035
400801
556252
461770
298432
818907
572580
859875
125346
115212
109598
340498
285081
855305
637044
605346
920683
885690
25168
82632
664990
67103
507229
176140
80518
739462
474937
299655
112587
506638
567313
875268
251055
430167
615982
740644
589145
3296
143726
958206
992303
340179
278117
848295
145665
859820
138383
178695
335629
370295
981185
834542
439205
866041
649754
965464
744211
539445
160905
560917
904057
477728
585711
640022
542785
267076
732178
758820
769168
258182
522029
335696
133106
560881
368770
374853
363230
930245
310471
528042
561507
582504
128266
76363
398829
636383
190338
336817
254988
313908
301206
202365
177064
254489
407421
9639
992226
297030
613313
694993
904049
867069
594228
247516
425914
669411
159711
796637
560693
731464
415421
282385
722837
968429
700048
547920
17173
348769
232352
866815
138091
426812
193423
371678
333504
479101
790607
586049
589854
732074
702028
278095
437608
200869
184474
152518
551109
472543
42412
476138
622295
361716
602224
593003
824732
742619
813261
426478
552557
18768
606128
488585
18345
629938
678628
621016
724584
715869
951110
677547
785346
557084
35480
624204
567909
695441
195934
81394
148515
700515
444509
161289
632080
392632
610845
564124
472617
959349
453077
288660
549284
809411
135567
984926
902384
196678
689236
931437
714305
616260
391548
854456
332308
726055
355693
323466
873239
79124
2388
254843
224632
265818
502658
134878
62373
159274
726331
933581
841961
833907
708462
322361
588620
383734
154731
731478
710878
305823
46858
987310
992931
333942
980417
754792
383002
608391
469913
777002
188083
850285
89836
951734
809858
771990
985388
613960
212250
300175
982904
3485
897998
313887
257527
788660
289764
507315
274453
689881
60759
675352
510150
700733
140474
189822
281194
139922
833069
685196
860954
783827
729104
4850
948093
627271
865714
272400
465945
399276
896024
547377
618072
820884
865460
900473
102881
733734
560833
900815
398936
650944
297448
446222
72665
985941
440164
587088
131441
200240
916262
495560
547558
377762
471114
13848
212397
281156
442078
279039
745151
774661
381714
766473
776722
608425
948299
719733
556982
950774
99832
342516
992350
727802
777081
316156
510705
783725
941928
176246
471900
110817
49164
832849
194736
914346
773055
50948
55006
75753
84404
21310
524254
656464
579524
246642
465229
445024
299415
843904
477487
191900
145633
20860
595442
99090
398738
923433
181176
335843
775868
270157
425599
837077
925923
190994
474130
407754
253973
469999
826801
204255
490950
954815
327777
992957
480320
240689
755552
196528
240382
862685
752606
630070
478952
136987
592130
2098
386665
480676
69431
709435
715734
509082
626955
190454
862972
460783
674357
117709
918999
532569
948888
8842
420008
520146
676370
413752
844109
755086
239338
696374
731176
704521
36453
570998
673325
757275
226107
975940
322505
658643
87132
571440
992404
775714
800872
134059
393760
876143
561364
386396
535318
385482
54201
348851
847130
151672
509666
129215
138508
590011
732023
176261
89900
707898
734396
415070
596084
915882
867446
354715
427522
720014
620094
213004
357360
360224
591844
338342
113476
210438
488779
725377
258152
288361
379101
218938
372348
536332
859126
79879
727230
629384
226935
946810
962511
942627
238410
869253
159333
967280
529197
10676
94828
903181
326137
823899
396160
375293
643055
986759
773777
222751
758261
152504
506734
91164
404976
617240
877410
122419
770895
335858
308553
380911
99393
328225
542547
781136
412428
409011
320929
188797
633989
347388
671611
56035
182944
16936
91924
421157
925486
831433
627514
354176
229855
778833
90286
961723
749848
663542
433001
878371
478652
746261
603802
766116
560810
830964
40854
719758
327693
990221
335453
633155
30636
542897
491359
519760
785905
602376
638799
500643
317010
498820
23458
674107
182339
645539
583993
363285
309971
967441
455971
301563
826464
838608
295821
160388
362796
586398
405310
450021
248109
11086
255187
231009
260732
42889
156090
262618
895973
612350
505446
184210
431495
45372
251028
76527
423582
810830
954981
282050
651432
246508
116558
677091
941631
968242
217453
683014
751256
27477
290555
179935
865593
524046
681097
143490
75258
303860
68574
263737
237513
575268
748509
24983
697910
763203
635015
726297
650888
686860
438296
704710
651755
194451
995623
586564
157547
717744
790014
737222
670494
819393
277716
205282
785427
697698
763801
364735
201181
786277
214564
146905
546155
40234
576097
223801
689422
235750
880313
755444
61352
626644
662874
345987
391501
599285
991868
666895
186543
546347
711773
800217
217316
40245
344132
730908
261606
528704
454550
574437
358055
197739
195019
64355
866647
351462
161255
544248
702498
643439
666640
209452
212211
760972
27526
626175
295869
711490
479067
619085
542743
689347
896424
463223
345128
611702
583083
942007
182198
803710
6206
240375
524626
986149
508335
830556
100704
672689
705447
477694
586009
319349
493270
243549
131197
85323
326908
898676
526298
862177
713290
467016
214917
307524
661566
721518
818039
979669
173517
325413
304685
311256
724216
970959
455429
82869
82565
305999
804859
261587
752028
658339
820328
554876
773753
568998
676884
796779
627500
927542
622072
331253
490135
66238
589327
886551
167180
514480
414964
44949
599773
240890
741322
303694
967586
117767
447392
895890
57654
30990
238319
994182
749720
528244
846437
655396
180651
149384
149044
880938
393583
615010
391914
465584
51946
862761
622583
886405
104102
515616
383724
343909
121311
742418
694486
209098
399866
628082
356438
552995
817656
109439
660810
139263
866094
252376
645022
245932
240254
146906
148997
948830
863216
979045
55596
47161
245047
901839
264494
640792
632501
172612
145147
479140
492437
649485
442027
593182
490117
147434
864085
394923
272968
342645
880436
382798
51039
883647
565579
826814
177314
118663
689963
323830
674209
380878
635535
911260
926965
86764
130919
506547
570360
997364
247171
800128
932030
868374
572623
371211
263895
372138
994051
718529
392556
613088
51524
102349
350245
777947
405514
579345
9770
462944
557411
378571
740105
2543
598396
814610
623658
687654
426617
263061
831944
106019
568948
333912
343269
963454
471125
269916
304220
651835
878848
769956
986175
518219
722479
891485
468677
259192
739245
421466
893472
115518
919416
121862
376150
574419
746694
553556
436739
100239
118102
761685
116286
9018
774937
965749
783358
978465
53914
539409
2563
842025
776394
987793
736604
254247
133636
334197
584050
534355
497304
313420
716910
495923
187004
35597
675278
352767
360396
332221
200706
854652
356492
825152
845654
651129
19016
869782
183254
507814
754253
915095
59812
406615
336606
496239
481868
749928
765108
29309
410309
858511
795437
813413
945940
703754
124508
161672
134079
347271
588520
380674
890168
874221
150361
396984
354036
701491
898578
189699
317393
17857
757635
829591
237253
770450
118005
848271
747463
50356
134643
864896
511103
949872
13708
883281
718510
964951
209920
438899
528781
798573
90740
823090
277067
984253
288590
940912
325613
93651
658630
969401
23418
418193
487134
874631
357551
921857
354317
18805
528587
950749
845470
542698
863261
654828
125598
944155
189387
328094
245240
289917
41224
905818
928987
795917
837913
670826
513221
90286
483234
815602
645902
333662
671902
882950
338764
512991
555717
265181
971076
647862
322365
880243
884154
352531
670273
862986
277107
182123
124885
610682
216826
458113
634840
804189
709047
816038
911001
89579
942306
547491
526895
949823
12942
918798
886079
922076
666819
40393
780094
723327
852223
533728
410073
35676
168448
196701
425761
672208
615857
103891
747588
595433
405751
94527
680624
792446
972167
398936
103645
324496
742758
233360
322213
963320
672222
553328
511567
702627
19237
797427
543326
90297
356711
376125
389368
765378
345141
864422
226957
803653
370194
342456
831079
476565
748152
94774
833114
810468
836653
926861
949403
896702
53208
686592
338907
247663
500235
188638
836097
620056
622940
631460
923340
633730
85101
769368
956512
202963
837913
556228
338184
266811
178287
712761
44669
556087
445578
685953
156370
166788
889476
766986
815298
523248
156848
713157
339271
909024
791602
79645
59238
119502
119195
608552
814320
947439
896171
445534
938601
151117
145186
658385
4327
274547
667231
517363
548117
190092
825348
263564
499944
516135
327869
639580
59053
125899
904290
285721
316651
808219
963168
215462
12123
767082
548959
975371
427683
53953
173511
767622
575789
215383
387972
767308
514311
408137
282149
102097
836363
985040
450898
478419
124864
86973
350930
236168
436312
89926
386413
693053
683921
850744
508108
64
127179
571175
588235
371104
43059
757057
342128
472723
53517
187957
107732
963973
514579
32309
365292
661742
834250
244053
482134
573561
579603
159040
801224
87693
757868
772895
857219
939440
711961
526818
200027
182947
657849
553715
33419
289373
9263
244324
635046
665177
284736
681471
314220
338333
572569
960279
485143
295680
241255
663199
285783
971172
826064
790883
56386
682684
796890
263453
906679
394103
218136
701418
547060
39796
148323
571477
536658
790152
995274
939664
109910
59742
942140
12784
783338
763731
990188
368795
15517
313564
126211
277784
295745
109491
615547
797405
170720
835419
446148
390119
883589
690610
504765
654319
495976
803147
153260
387369
591194
461675
491213
605854
915583
474755
740385
336774
604987
921314
867290
963172
964662
790980
772035
658640
123445
529728
114735
977396
266802
304088
125244
980076
568418
876290
547605
370136
386278
343055
207518
991721
766722
632354
559315
697083
808754
575300
968319
30123
980920
574446
415153
392332
54362
375115
770458
358414
918185
212977
781663
591077
177080
658957
437831
367952
96164
811648
434324
78358
154307
97752
45880
173570
194738
832693
834911
961490
920533
866367
271211
325107
272591
93124
519954
913843
49037
340414
366747
607859
977493
167128
491699
87638
335479
400533
78847
154619
129202
819776
52979
43394
787338
254315
72780
341955
303891
507200
777401
293700
773058
936021
682974
193388
299009
228393
556248
308961
334845
894252
54433
262120
607478
263787
913519
82776
918999
327728
991737
215974
280137
585773
30491
604603
27688
179329
82028
597200
805336
976304
171230
837366
546091
948561
908392
479797
884587
136755
450443
47663
748787
732591
420039
997024
233177
325184
135085
586236
239316
156021
775682
961734
784654
306151
921124
466343
326814
99553
226539
52208
928084
648265
876870
337708
593626
387690
855349
286131
656997
654589
994276
703692
657803
845650
237803
755371
758913
461089
539619
479346
384390
385628
342823
844220
424371
88258
644958
238000
49416
32580
238061
403749
904353
481094
831788
744051
210485
49674
417051
604936
95016
822562
408291
619593
287875
573564
814411
443222
178640
655728
931581
242562
110057
419656
825492
117149
699693
599684
176368
224038
927537
967504
896895
753745
704924
694459
301431
62365
648923
286507
504259
203297
826386
660044
155313
821753
303133
912053
583717
876185
436299
604695
912645
933003
981640
932279
733432
844424
252657
967679
482501
464026
764665
295585
751629
680565
24486
731607
380197
457802
385227
499078
327510
756629
175657
189519
3930
185438
634951
68081
951471
975710
536168
801866
507678
411991
765543
486891
361030
158919
539790
928569
711752
22689
389837
490910
88861
560310
516992
471275
742413
607238
636321
880331
929344
232465
962043
711004
341962
849837
561052
265525
390049
215374
903213
876316
40714
822589
70858
404279
444541
771272
754958
227165
632239
529938
861736
41059
152925
138104
281009
689601
643312
301810
126363
408434
966536
524246
547274
326461
739945
883095
34607
800833
783177
317168
993441
179227
260929
317142
240961
880779
69312
728674
2215
266182
320282
970913
922797
627768
615618
349382
595072
772042
170012
299456
103351
89938
742315
335108
133444
714210
764603
197356
263339
348697
20657
197794
154249
620809
718623
34816
495121
356449
827012
423654
718661
5648
98878
726021
703307
557594
295930
391180
903031
675287
742487
427453
605721
452943
488597
311671
310869
153344
42323
713802
538622
517706
843094
164944
734781
757209
391191
329136
320094
133224
222859
852873
347287
112325
726177
860977
675505
442581
129765
43423
49407
139172
864547
934958
978953
290262
898207
427834
855929
798142
572638
777689
314587
656019
936624
363598
446271
127429
559103
245523
111729
243087
332844
125909
259830
359115
833960
666841
857685
130918
389670
240215
764740
148591
124816
95544
642166
652588
907107
618553
778931
202485
291698
823391
537218
907027
277638
472307
972403
840235
931879
248840
66570
566229
710957
224049
929623
274479
616117
450058
268298
887610
154564
891127
400943
645414
447705
59744
104725
91653
726626
663642
621949
94270
885750
289433
223458
515012
727513
649485
829658
411077
24066
200922
323455
199214
546419
9078
354450
41853
767119
572495
630053
825136
29461
952488
916652
490396
594391
957585
232843
153396
125679
321554
6685
399821
