7414
737071
201079
812026
108677
52127
193008
882022
868692
944935
205111
790278
769577
628333
291877
908380
408844
482022
71702
922631
575396
779440
544153
11342
418037
946762
8900
993709
898894
135544
849544
415890
873602
79015
235588
493990
820710
171738
117095
68997
454749
463359
239121
245357
200501
789358
286776
182679
780478
575215
686846
589197
973238
945140
38151
825944
937112
642450
620394
172223
362066
925953
940019
725773
111836
45143
811648
615169
949139
116747
44945
687316
398677
226141
409310
599515
795827
359386
182580
293435
93295
335085
254955
157396
53710
250028
455678
793769
43025
78540
497488
199852
757762
972680
692721
343465
868560
498914
384907
568587
743132
516624
861050
1737
123676
654783
362285
146366
876920
375331
694415
150410
709420
425321
854862
811238
46376
74551
38846
242596
109159
911460
365172
269718
594899
127214
670755
41676
260892
156447
763097
54093
147266
262809
591171
760726
133241
158460
897758
219015
15488
28894
50018
762553
321522
397924
910160
522519
626695
112397
804342
730492
230304
352206
875474
126640
664467
978352
364388
470135
658853
720320
653886
102780
865003
673744
231441
752119
855889
330313
78908
276976
659553
894105
381334
856162
360034
951993
862056
200230
104501
660527
497521
726480
192386
487636
842807
279053
790514
204741
707643
898753
217597
263350
462731
351395
672165
909918
827466
608789
739887
393736
592723
243085
9430
404859
366116
743052
650383
442513
92221
89977
862474
159216
796514
541199
692194
851751
729326
460923
831118
177412
844908
210785
659630
862388
340730
566755
980412
638903
803426
864307
597977
898665
360361
90413
143704
582459
119535
438714
320214
639147
95641
423393
44622
982093
766325
507568
807103
246992
380275
343656
929364
812323
147531
146000
307044
482107
482470
420160
650718
950395
541177
258609
202102
667864
397492
679180
395205
13153
335769
30479
956619
735024
903468
317551
494755
476180
562938
411455
714806
815524
9342
498015
14321
672896
480427
793837
363737
108788
673883
511811
56849
521252
209352
293658
128133
993221
924657
843672
976986
75673
679618
295689
13361
605527
755875
924378
944961
251929
387411
172335
663036
360525
434009
606035
552019
322559
718675
336575
447645
134114
90094
645218
398835
30531
842464
39109
850598
82031
727617
729152
858298
418775
428094
569853
468106
317083
24904
830073
454086
723265
689986
773959
189294
917481
560903
922936
546426
927281
514124
42498
372966
988953
343275
351617
266453
824531
670006
187973
87404
753287
767704
378774
890567
688777
362029
864815
729640
885952
387319
704515
96205
897620
624184
445014
590578
575465
121147
989037
790422
108112
311990
509052
182386
27154
780495
664386
452699
831830
695553
362282
394567
383970
42172
570499
183373
507097
907676
236918
795106
287017
247458
200680
899103
415977
750910
89790
643104
548437
655716
591668
366778
43724
617462
156015
429308
659330
31573
143455
17266
728324
525865
668749
10939
105337
694552
904009
730423
697795
528310
405168
657223
712569
410082
104059
32751
842906
992552
968844
572038
496525
750783
977090
399132
822951
512300
968662
710076
736651
806927
149723
600021
352267
449986
504438
952932
249210
374997
137619
285530
765112
365826
619395
961517
81103
3231
732063
247782
206602
837085
629661
271221
97317
523073
312401
52965
47324
421438
490924
446204
184631
945430
369473
984481
369307
768346
612423
359244
44265
850643
775192
488588
621005
132348
778423
913545
796101
651071
583445
563964
788930
792173
87321
772893
867149
355215
397458
786579
683611
129587
68554
916598
886918
712257
588781
911288
187532
371867
387457
85591
562324
865950
903053
241549
562691
251823
798229
436122
754823
896750
237712
208684
165456
89268
255163
967424
232399
881094
626786
852072
166361
47833
342294
539788
819082
346738
717935
141689
122499
571057
431630
549428
914638
253064
276906
334400
500180
251629
230109
576548
607097
875245
504538
805418
495492
637711
625447
573035
850767
221199
201491
46315
750435
730242
991036
406154
432406
860211
65848
771010
812283
175118
360039
824676
698183
292158
658742
321142
433823
404169
128840
163837
264107
236217
823176
812212
62133
228839
200020
355532
182573
467980
591180
711927
113553
640461
724986
60147
287673
83873
864471
792134
882510
821043
856446
986452
691942
321794
403759
645759
181843
618481
170850
715938
657183
316860
911878
210154
62296
990081
670979
598023
312040
421194
245871
988256
208828
168316
528831
532522
938956
966630
43206
908977
861397
552723
978950
705794
803200
599265
297272
18204
357876
581835
22374
596967
746590
564756
667303
441855
646759
89060
851337
820655
18585
573263
557905
312353
367306
896419
154897
622562
67408
122950
253326
599962
344792
650043
715642
94384
263832
410955
641630
40369
598514
151333
957624
424429
780314
210723
313935
599923
210200
687698
355683
750333
98111
344617
73865
169945
650506
116766
866322
430302
865049
630714
142379
431501
411215
707985
790277
799282
76588
432684
593127
82063
40838
995515
726950
726449
802856
191668
803495
865441
931238
146316
530850
540448
934291
569055
956487
96417
452958
597339
430211
138762
668555
79069
878611
621467
286892
965732
717933
347645
711386
340063
748920
406990
49962
485957
675007
848996
414018
323438
464357
196442
562469
477734
636578
240606
319859
229089
696575
927787
354745
598710
360807
46167
843052
866277
925377
852673
260798
885768
110676
741457
51600
668845
983938
548726
196571
838874
108915
113108
777692
723675
900959
266386
470506
51373
276178
516352
527901
441300
74914
301682
224037
140637
412650
848176
915897
747569
65554
336347
849695
982978
233227
302258
590350
925276
537802
936692
484457
506722
916426
222122
880652
484661
143220
652640
926019
547360
77194
618900
633142
691687
374187
408313
569635
518673
323745
170111
960475
632994
675956
125608
213172
903753
808621
765865
876789
946447
351733
772135
828061
819798
434089
918901
41337
596177
45953
274947
643776
160623
622069
604855
83237
321021
840885
991455
143505
70762
808724
349179
229981
635274
251747
678948
818682
755088
73876
627103
212393
510645
655471
154101
780014
877843
565409
893055
668648
118346
938279
83910
572675
55000
628812
805942
520055
260194
397223
599420
793323
193841
802009
466703
41215
367651
180858
673698
356583
683685
85654
734530
597250
197707
804187
455414
508669
691643
149017
938173
270731
604495
523040
999465
935793
67335
381655
548733
850976
15572
603055
86037
565010
610446
950980
630345
908367
491745
768398
69518
905175
705057
275926
135163
926351
499366
365395
948650
25649
574632
576832
359048
713768
773997
26215
99358
520415
661581
411723
124372
570173
904347
867787
361626
55271
885307
359134
506334
926809
515398
511070
421861
345742
782625
257637
169205
435876
179609
455870
682117
663378
784489
662221
628903
730765
435127
596335
57622
218080
132905
427696
8304
329905
539888
912291
393975
14136
191955
579253
101693
406881
840531
621582
445457
27588
156822
880368
814773
399484
885025
328561
605829
802625
414745
758172
296618
680346
657915
953891
833054
814619
61784
496473
329998
761804
567091
480819
459318
197498
329321
856567
796467
757682
60994
803066
827788
683079
924197
536001
282623
74604
5157
209502
947483
850043
536383
125447
143956
555533
196994
290757
607689
30192
18109
473836
592678
548167
647733
302918
643310
469653
988340
621916
625944
620860
510416
273488
292564
592678
866511
714385
860875
898721
782854
384731
838435
465705
589438
550756
592791
242545
164453
419595
975280
809327
515289
685115
643046
743242
695824
305344
592003
155838
268546
234918
812888
254400
60061
40063
913199
999989
529843
808996
9745
935667
674622
537199
189680
40645
24598
214915
362332
29580
952691
173277
379773
860962
214349
855850
891008
344516
362955
73973
512826
644769
444684
977129
549763
166410
166674
423672
676290
776793
553689
172605
706264
571910
960976
333688
817823
424399
194809
811012
376353
365607
407263
54294
803783
448481
378031
292457
779405
114009
773652
565720
425557
241183
983301
295209
30957
998916
170335
833269
295090
338087
250066
422940
39011
462843
606792
261722
821060
902538
496874
912572
920416
869153
249738
134171
707072
429754
574902
312893
503735
649559
510728
70449
663304
268375
809355
294089
735014
661647
842311
790304
272988
807124
432613
998350
52838
729071
371657
716486
205153
424216
763055
591718
49100
587096
750546
202884
215024
547176
633447
927316
981883
706114
850634
422890
623477
420737
822812
480127
956856
715824
182910
203131
216981
430453
495689
963470
843592
402705
170224
337732
759408
79700
902675
287338
243227
503449
651830
168268
557121
967709
846177
768753
73845
767016
248811
464550
768768
366300
665253
754281
590010
7952
469325
891423
401158
242956
743479
64884
902849
123645
682559
596702
182646
827915
793719
923250
317089
298155
340300
705438
755423
72916
423726
273763
51455
865297
75038
755632
878128
599267
736468
655268
158838
553607
553494
360587
580169
982886
969095
36791
712635
85873
214495
633036
459188
473981
424435
276361
575672
355870
270084
156198
563043
499003
198956
113099
318113
654962
598789
536941
547739
542558
461065
852729
100760
671222
409947
826180
52706
256913
283674
156668
590155
233741
807983
341686
484826
896752
284939
594836
221887
24755
635576
678458
652619
426856
581059
872375
378511
732281
224583
941808
941995
900347
805064
890394
298482
365885
933657
488318
974977
955152
195484
50931
782518
708260
601446
709836
942801
526355
8810
466261
13792
125267
294293
645647
54800
122086
759653
982729
58358
207080
977333
457994
794479
260601
42507
179244
862222
963117
987896
56094
924185
916213
939023
750604
811466
543390
440126
403808
429777
71731
264699
935805
171822
708942
939723
296125
846712
725059
158890
901487
974108
524023
237699
639614
658935
947616
772053
240677
161937
992670
702080
521992
712003
842232
54122
996980
68098
612327
736440
605983
831824
498170
897926
874385
536012
67192
524175
632602
90442
290942
141555
542826
252687
533911
727440
69042
410248
124564
183583
199672
109551
322310
19628
186299
448050
463917
215044
797289
657597
823794
580327
101710
950389
254856
322081
596833
973230
990088
931637
571547
21513
79739
963166
958440
501219
814963
744766
568832
995421
146022
574799
527953
691177
541611
495806
931521
853370
955578
309588
230354
493959
568330
99605
616225
378272
752398
160630
730055
34395
275152
900621
342605
487358
96332
976079
268202
26752
244106
649689
663627
434548
160520
117828
37151
749349
595740
345586
746796
823908
600177
768191
502264
644717
414575
70318
401558
625608
90379
138512
331199
861710
486144
197017
138011
635800
880518
83586
840831
305984
818271
599373
292077
71797
963074
875823
121970
15246
669248
741491
502307
243981
704357
143028
252032
925667
55567
777090
73455
495838
34884
223742
255817
345886
961852
36946
12001
853526
547050
444020
724552
704994
725672
533490
768750
76378
97729
69562
253352
390919
319860
361450
973699
49764
763488
937112
107263
745598
505024
123474
698288
711690
246050
19014
776031
533369
74884
759610
30230
954563
75672
424852
327763
448961
667103
409565
996049
193528
210093
594054
721639
481514
862260
186650
116491
542760
876703
683400
489815
201015
543636
992309
129967
791150
755596
403302
448693
283567
740452
750141
669186
618759
851166
806797
349700
841897
427223
688333
926123
745480
649884
785138
629738
377507
1885
549386
590490
953278
411937
273891
671466
420867
415354
856064
596858
173445
694369
423459
233556
176076
175164
612460
465599
80255
453381
237916
961096
736372
695846
69090
272783
882447
323460
436083
136284
686922
718712
430913
534206
253911
920968
538730
79573
161275
773678
637196
538697
595015
269876
435821
861430
667906
905811
592120
915862
65963
697282
937711
234852
253237
139232
475040
473416
83592
796366
64193
948806
817561
401047
9297
589265
223008
304453
75306
852743
650255
877948
818498
693500
715492
993832
497810
452353
500709
28161
249164
625439
984044
922981
651235
826696
751356
721373
288653
900897
908007
645867
427407
66890
509232
229312
457269
174826
758159
226972
327357
646493
682449
39630
803453
434482
993675
159690
9532
383751
358004
715741
380972
708283
362380
535780
853187
905848
47329
275282
837012
325508
995694
63492
290898
775342
615974
809840
990074
11989
439664
782059
914071
688913
963847
318608
526582
356966
813507
570187
605381
408601
772407
978632
195115
436249
537058
796211
202018
335686
885220
324286
127166
626845
318532
707569
443681
887356
138283
58656
163322
898215
344010
407250
209187
86332
706517
469474
313799
115303
860052
514877
295639
23601
282851
672255
732209
138506
590839
860071
244030
104407
656282
153310
831481
755739
681263
805765
965207
237671
505338
335273
420843
731738
107355
49118
170094
378984
473330
137810
992762
509780
745472
997677
858078
87327
841819
756160
538759
350956
541641
68466
367476
5694
368686
130171
522993
946165
472463
507629
741970
425743
107232
826478
892534
785979
238994
578308
416937
346666
272688
306487
253223
823540
885003
214400
479565
688403
472567
802818
590018
215642
781011
487846
6669
569378
867245
276864
160759
177158
665520
487124
234108
808904
77193
180121
442217
233958
684843
454586
561718
64410
903249
991947
257380
409489
622929
280296
647658
263661
176354
756405
462837
130167
762601
700046
96073
242105
303144
90850
825207
884729
69612
795173
492000
745526
323813
388903
965483
922712
640915
641867
787394
208140
548652
190493
500229
527219
608563
207594
292209
966305
89662
941597
758513
647105
940651
842325
774413
817995
853660
616348
703489
923774
830681
962194
422873
88189
813276
924169
937548
397708
616791
773261
676981
610339
622249
74583
919918
429912
422223
133036
176969
284080
891431
322353
775643
623416
958458
897405
338774
119311
691898
765623
324834
779993
182412
350639
307401
926840
101581
119694
211105
177253
749104
566113
292656
65716
861826
439111
258093
701263
451204
795419
541186
907429
460279
10710
432977
619862
86856
233510
448700
927121
206508
890275
45896
31804
447207
757535
566307
581962
116771
805470
64173
276914
365011
487036
504858
386863
674332
397703
670254
842389
15759
263136
991209
847664
781732
25567
442268
550416
912695
394403
580298
161960
471421
602527
786108
62250
287163
267023
776964
847735
191162
191502
497950
983927
795671
666954
571388
709927
730606
329004
586105
108743
745075
911710
642086
805123
105447
301477
731122
581682
277311
139429
730341
314500
965565
846515
13033
20925
205051
352895
939999
485199
343563
1590
784665
881617
439718
66142
966514
50267
810102
72964
819907
597032
203248
651336
509170
787340
352444
947436
115853
282306
465009
733553
370366
126206
542601
219579
977717
35875
295287
231134
995890
965422
811508
857121
265429
123803
76746
889262
460069
108124
895618
377131
930827
582127
765261
404421
149717
977208
772329
755670
224332
22390
641536
487395
650778
520008
650645
543548
200036
675524
244913
462455
591572
462660
833480
910858
398086
959224
430777
250405
446555
324281
518018
592940
833291
103977
742960
833122
554491
851139
850520
960427
668840
622906
542561
547274
854951
780960
801994
686031
204054
660578
584574
804842
97037
97525
681141
730729
55066
505940
983740
88127
524244
185728
350966
621998
657335
804527
761028
316884
289362
547233
465475
246762
468916
255111
412144
935246
103330
986904
292855
631709
503370
825948
189489
316087
871933
430145
941552
433617
71234
775758
38952
330492
324277
781327
55643
112377
858960
14628
382968
179981
886909
483439
295918
9332
724217
589962
191224
839140
307529
689138
173070
803617
836470
332655
30434
706328
782172
203331
49407
69148
41745
948637
34588
310108
589770
607476
375483
904904
580477
90955
987073
169053
488022
225721
478068
861178
537358
197527
956084
152602
374441
843075
465844
634442
652080
129751
174715
940593
966522
335741
69254
253478
369892
897108
107161
429165
504914
623772
480894
729443
260864
2916
892407
180647
733503
606219
512861
392521
186773
196401
606835
265129
660329
988913
637469
387804
844518
666233
37147
91334
853220
165040
727725
53086
564962
960684
904999
74478
274074
558676
563983
151194
496116
169569
734777
238755
905670
91418
423180
179545
549564
153120
805892
102112
674935
682292
317053
229550
739044
852950
881026
440967
426563
941072
695761
118561
790083
970278
651721
782524
950893
465177
683290
766975
149595
546539
92715
722353
319952
400308
161079
43190
774348
231575
166446
414874
35580
174965
266245
549042
327211
274527
569112
834412
743516
569014
120837
68391
660078
522612
459712
654480
517393
526455
858507
651511
712385
962925
363451
842941
966500
372549
265013
557940
204116
592426
690945
320707
671263
345457
598963
530443
752218
651269
564600
281633
700313
602550
409193
122753
289315
504637
893601
21264
213078
111547
415208
53728
913638
708221
888891
372080
401780
86636
767063
810612
549079
42516
459569
92913
276765
879731
251118
974013
44263
551085
182100
810176
49054
487027
258057
987300
589561
867943
783738
358574
114032
81009
579575
343040
580933
369225
331591
618935
890179
228062
350160
409144
309521
934285
568708
200844
16752
701852
700346
367390
105891
351392
88610
567707
664313
52625
937871
986955
817832
653172
289669
451923
962024
342581
323125
205633
750621
916956
300737
657809
795606
707482
755315
741386
448653
315184
319433
599939
479872
654652
935727
206884
947347
451039
54497
174552
59735
257517
824520
449691
374245
264438
213616
811685
243609
656851
457437
90762
28181
43567
228122
805685
223093
528878
438845
483888
315459
327090
655982
271763
882859
430391
677518
568765
171930
732213
954472
326237
154639
181034
181560
340331
849867
993734
563947
338129
519228
692920
978875
907036
198566
749259
494116
349767
910397
907725
479597
360689
817555
855718
854228
14049
524636
751426
846875
930552
711340
272357
18564
646025
290620
266832
192438
144329
324573
795352
368660
236459
2309
334064
663321
968706
86563
179197
803653
525014
369601
639148
736178
152106
844035
430037
460160
480732
490416
800871
285584
242303
811034
306084
333099
787458
498149
816052
242726
1562
914888
310291
738854
181853
388373
233400
910895
191957
667136
710420
812196
741682
278715
716095
254180
953524
938323
371683
478358
471995
605800
903260
725784
247900
265575
437090
591677
786892
13177
730486
452343
90118
571850
140677
182210
734505
934131
619550
840685
541194
425784
288759
1724
62865
123281
197494
923406
684183
221028
194374
810470
474300
640883
455217
9693
56345
903983
100068
96146
666041
43735
505742
457782
260089
128851
374173
166463
4660
786586
352303
635474
725334
968889
15748
806702
932029
87969
326421
385098
845969
562791
253324
943689
450435
764355
106114
559339
963043
325090
272624
7584
284511
786536
474404
444339
917353
599495
358398
932883
567654
562137
228281
136465
144093
884068
985542
990059
150557
198183
898264
189160
532204
7141
644656
889230
879545
247599
188738
96283
521092
882887
437188
847267
442344
693574
299203
428338
157370
725448
725332
559747
628955
175680
536601
688009
84277
850526
371826
269167
105283
711663
878884
201392
686432
443343
354815
370804
47180
418797
399955
611345
862576
921879
792930
247652
232552
988731
716173
789355
148966
774287
665740
275820
439200
919708
864544
232328
166068
999405
764733
191813
246033
760080
272782
260707
611209
529252
659986
263098
585325
867029
731374
584334
269850
262435
717674
953355
643660
434375
527823
52451
768126
587357
453580
23829
959236
793412
153213
654247
39316
524139
757757
262180
813166
240648
241263
86365
726894
864163
775506
280247
262446
896374
650009
453772
996831
936142
479813
72119
412244
347960
846293
920392
481781
877618
220420
273939
775157
81786
3200
375917
329826
540803
784667
316822
815109
957715
470597
435197
580437
411663
755275
914316
23527
230015
528945
336620
340286
171150
200219
575802
125469
868631
586527
555878
481594
777496
979848
87233
263344
184725
230250
201541
835650
198466
206419
150639
255899
14372
790188
508831
104166
172484
641176
623774
280106
964336
328004
998006
961121
627533
64161
51341
573628
473825
209428
113772
67757
636739
901893
429185
5505
696130
670925
412105
973373
39540
648074
392856
612723
454051
40733
610918
124580
107351
862484
271969
450319
773027
524405
70953
455672
882633
783221
701742
352685
745871
715028
523322
282773
70266
837432
733136
453712
733005
238268
110099
474402
610135
585709
632997
563453
152127
192389
54362
121133
309837
885283
815607
748936
361185
293429
526101
176992
166414
307200
597044
716807
388590
885652
520392
795247
256017
92608
713775
845442
514564
227465
814247
331258
320410
183332
796866
964188
957523
712938
318543
235030
429215
111878
243227
227399
169413
939086
391439
306141
346816
786041
175305
680911
493903
779078
929685
33677
482808
453243
430613
368615
191327
871515
304231
993861
554920
379796
772517
76794
84304
185947
456543
528009
343306
30213
763680
63866
327927
574776
722026
173473
165101
781737
993574
373194
58426
471704
196971
570239
948178
459252
601457
576633
924226
146885
715423
815825
32976
225715
286235
46441
753288
178936
752378
491134
81332
613277
244601
103243
860649
53953
819724
829930
721211
730248
728866
637683
750074
51712
171315
754583
806247
929058
165892
53420
213705
829185
883602
750740
418987
470374
28515
629141
83638
361541
628217
803582
996769
968529
900891
647232
139318
150793
702918
868326
209116
653415
429145
886763
924663
862233
137301
597614
465560
734004
98751
328459
478820
798820
939693
298466
182819
398646
30030
169291
234473
873676
801616
341436
190200
237302
233188
494359
587586
990853
826246
494638
902163
120872
14294
203725
892510
994508
97260
905285
136947
822770
473600
41836
886343
596664
154481
701420
710144
917906
287617
827208
796461
943702
692739
436470
182159
744224
216350
230024
635120
731738
50328
849295
388435
461962
27094
695300
435039
31054
303496
662388
631365
495784
776205
359272
429864
229721
33347
390866
662789
894943
640248
56671
433427
756583
81586
384937
835992
396628
737925
766533
921705
493764
861486
578469
56095
227650
634202
94198
571375
38829
40513
666338
407757
929638
468016
637166
258887
226785
660991
683203
589093
742878
895007
332459
773951
572060
15222
206363
530704
333968
286633
133139
751344
540622
841476
655359
828742
902439
877124
611650
574952
812392
657243
410968
870903
951502
799641
337636
257941
944110
296155
726256
784253
258073
203068
127889
552971
92806
965000
652334
583808
827232
890838
516081
796363
710044
387214
451486
150762
866280
173198
39945
240113
367074
849268
220314
919266
63536
874321
193554
875671
121070
216357
695563
400679
707048
685672
142357
3382
82596
233791
465283
924183
428359
307027
548625
51506
94464
680499
57978
222676
606492
66561
104971
398709
682136
191052
632403
742849
717308
961409
623588
203949
685827
812613
240664
808345
163397
310103
778875
497644
234469
613207
887281
14919
369648
458288
851100
38044
971684
907742
856861
486498
179670
229135
68750
686704
693934
918164
33046
871045
838205
59845
397237
306969
810990
934162
181392
205139
94697
15662
871613
439376
288891
290831
418825
26174
213176
122783
820939
257872
985538
729696
342346
361081
923603
711597
581981
560774
539086
959507
539626
470489
599846
711634
549877
800353
219282
483198
454161
477219
199426
89647
663433
404960
401921
7441
827630
258021
750209
872228
672716
897611
576556
1176
192121
227470
419186
444360
786579
564911
47633
219540
134885
892907
448499
65320
547793
680247
739205
259590
308254
309356
493875
793328
33435
535147
763375
464237
407412
813304
150621
260366
728189
782712
662626
740789
588639
664255
702337
988547
668210
847021
486206
110511
50713
472970
377496
189465
703222
402429
110703
55615
752115
545296
649065
237926
974490
176652
464987
980070
486685
520486
362304
261448
956335
581554
569662
350660
790404
932922
725905
536966
658836
925530
551186
334680
401942
576147
451641
636127
839393
211407
40823
680
249634
798103
577657
510583
320783
773760
618579
398665
187543
106502
760580
958704
763390
259549
212265
86161
953266
713205
71593
165093
489249
705981
611872
916545
70128
896552
581632
254331
205560
719521
509386
156049
666439
310516
270870
50348
725348
9925
724217
245849
434454
619609
47623
482826
32891
783240
524387
775632
201705
88434
911862
332040
291611
747641
203643
485069
837345
4800
548468
253550
642050
736045
324644
359574
466184
65298
885390
274145
887612
199374
288384
136779
213045
102241
401863
200438
415712
74406
139998
790114
950120
780891
221855
631538
951998
780097
771123
805908
769973
145856
277869
517183
995294
346287
928948
320415
156840
145587
80289
452754
30930
928705
692135
433167
78894
513859
877410
152579
870102
214162
323747
263070
474124
637160
241302
792912
712930
469859
661343
563637
852486
286888
364683
166024
782871
240694
454411
963770
986981
345250
603939
836788
630128
948493
309271
150507
916320
903799
53460
743173
451728
897061
151627
560117
731826
363479
186442
932055
25920
436966
366910
393974
871242
415115
847309
371749
108545
293950
28572
25603
892074
29233
130922
32667
389036
314888
874492
115300
947166
834130
933714
677512
353711
135195
941639
998745
435124
511090
211931
52409
654005
521582
19163
166013
548270
85667
232105
420384
827303
394079
330062
897368
690769
243913
348946
628596
468034
781219
101571
372283
989597
52499
95790
150727
196667
212294
934457
818053
370993
711592
622758
795936
24289
300599
131347
514441
925064
219425
767800
25785
960399
521548
394263
720737
531188
77449
295762
70541
961586
439593
551511
841656
966880
414990
90636
286269
568744
887836
224091
398468
972773
162292
336161
444101
830482
854240
591768
621773
996367
150882
969917
893114
360387
78365
668978
732324
587214
270134
946072
788208
625782
612500
750715
226305
666182
58967
91947
824382
815662
851137
938551
731475
141460
361557
593539
168842
885439
782661
906961
250576
593961
925990
395177
532319
626163
467184
320092
858416
4778
74746
48451
571014
855876
994410
559144
169032
747351
825932
795578
60581
80755
425462
670513
139343
316996
94165
922367
533553
223697
472550
694857
25693
520460
850015
665920
321604
268004
920404
787236
559695
98152
366901
212251
194070
913823
43379
788485
659779
1709
934374
568957
34132
595003
522123
157979
244850
799553
666657
348108
244055
454017
613729
427941
966473
933093
285381
744517
820909
122608
579275
589451
925970
796234
5404
244527
294153
405824
622649
70315
692857
860842
902622
850499
966520
217079
844579
214946
191013
320828
392688
856132
149576
361919
965758
426421
268994
977498
699533
457781
335389
18130
822992
380854
20896
338839
442598
736939
495686
9857
892247
974262
174171
155387
721694
799022
949935
223382
342539
912066
110812
865327
328381
103622
493726
762228
374536
101389
338295
671508
962778
271386
728886
689225
847804
256299
476708
222990
584720
902676
786711
453223
450592
376174
78448
123820
278152
193159
885743
348081
916067
7313
846916
741660
257672
381497
415474
601604
38899
447986
70597
38942
896142
314280
487408
942082
496111
307045
338942
399203
902250
663363
144868
740080
726090
76278
856460
671251
26949
580773
672963
73148
369676
626645
921411
903824
927672
826321
700125
311090
27226
788569
385531
493394
69222
653094
32607
69469
335569
426416
161167
717778
790262
985980
413371
628988
618742
667347
92255
878204
914287
678372
646747
168404
616436
194668
755528
522494
534008
882216
780296
408644
44038
765868
8368
472020
848034
816565
285252
515769
988187
365468
349705
625090
178776
469773
426983
360440
391740
652863
410382
759414
550461
20520
266852
481552
132074
615303
139366
806314
456180
12781
986892
351682
446601
586157
502240
319329
692868
569940
478707
792017
709432
38649
758364
109874
393111
183170
387997
634409
813073
815184
633115
272613
632716
859254
56119
978222
659073
702445
951620
73186
242915
663000
50085
639617
511526
512417
550373
420971
706137
939398
222410
640943
217332
79471
533160
899518
264237
750691
492207
837881
547126
833701
187685
577316
618099
313498
788949
32003
160777
860634
129309
71554
847512
471161
850287
166394
951371
607494
488306
587528
430231
486462
815345
452008
771572
646165
207045
906350
489121
689870
804888
522399
796281
153011
763500
543618
646304
768476
929781
964489
25491
15712
887501
551702
113197
730769
419130
823036
681245
727273
86125
688301
895366
832410
809523
926447
502600
477351
44634
923926
241088
998160
386772
131597
192522
101073
219377
510973
712533
525125
321567
835313
520583
795491
189041
87033
508477
102457
190440
350177
835405
763832
580684
535098
917439
432692
823456
992303
990730
197699
636934
573322
30162
989855
670023
978743
939032
257378
740765
296993
90340
699511
124247
482188
496583
960416
464274
145367
112486
575904
501215
440603
33862
138614
957835
16027
645875
601343
605634
969468
95236
873595
746062
499421
813427
382996
84217
474278
201800
71110
246975
456228
4484
372243
3230
810948
341290
84230
580778
410222
850342
681747
342600
91792
898981
545585
484653
479283
361481
785400
348002
984726
33464
818804
399984
817203
355372
636294
932315
603353
751215
729311
48404
788962
553785
987886
567866
335583
183867
484636
63083
352111
978495
953495
360866
208452
822080
944404
491663
366934
524301
89309
249436
636785
709923
650136
237231
808033
838245
536036
516640
653367
853676
275044
753760
99998
883969
4375
59926
968281
348949
403965
562404
49825
820080
639444
108385
455062
980035
803581
405065
98716
71459
49348
329219
911321
295396
593105
101629
865951
722407
33005
514856
191510
413188
975560
427293
207451
610526
792430
292078
59467
60740
439834
576363
261724
750268
664591
544606
358407
601882
593646
28963
205818
965021
658033
490522
346018
56034
37600
887030
693960
856677
329391
605943
292301
362964
940459
996018
201532
491557
784970
836359
687839
397115
225815
418718
747029
431617
842547
787033
660122
485414
530310
77592
714671
989836
638539
833872
445600
432464
343543
632030
750318
838691
215703
346173
15123
307031
989853
906944
953340
350626
876526
462659
200412
493725
362100
439090
837105
299427
337452
112202
919226
763787
567630
957541
780740
801397
969108
220637
346879
368883
896558
864705
944824
625248
657690
295087
131768
411824
772535
34299
873651
249614
72657
827193
2553
998094
596158
492687
256754
297087
375887
206654
364665
922119
641174
799982
572310
223686
657466
86498
733790
892169
413629
197328
585105
392666
633249
391474
103972
547796
134139
836756
921707
911569
389362
410976
598021
773724
253408
660033
195507
861429
208794
667915
997852
64096
161183
742898
404277
797029
765239
504927
2426
940974
498772
171105
572913
647130
219339
579342
310955
681011
735305
764662
864005
393558
2493
708306
879009
854194
917876
216693
628904
158079
323382
755473
945199
428566
755738
463305
121935
575947
682363
500663
676085
444830
448693
350893
850405
585044
928900
683900
526960
514755
919845
917262
783084
9517
647175
665233
666177
647265
362863
853001
889794
566808
905047
391752
60665
156146
263921
959484
734767
177004
651501
613189
70305
653250
308452
669932
96438
703385
297762
537531
648795
381128
832902
949927
836319
503104
267213
368041
498697
388978
731608
143786
489615
416886
549282
413089
778290
305823
978980
583203
300234
76666
542455
710207
207900
714828
177132
24572
672856
660052
721562
355772
673366
382652
789121
231380
264704
470551
914510
981722
674291
847756
967951
268096
189688
972431
223597
70713
214733
121555
141495
321946
57564
159144
876582
51119
984005
506343
763498
118994
820780
384220
542657
363287
925222
783871
890808
250923
651646
33517
898479
938454
539265
278507
496999
978930
322505
667760
479424
781719
521816
548872
682540
331140
811539
514254
101207
600497
581113
711860
191665
559944
106895
436687
387037
669846
534090
652952
896095
275663
431752
761933
185461
376074
28555
626728
155789
822960
363017
592743
914041
130044
489058
1478
216848
716380
566287
485260
114037
591566
134110
151829
56757
201452
119741
620233
751243
396300
162418
753287
337106
257740
649617
846861
48134
826562
455762
982600
373951
610259
749925
228154
882478
117447
396216
377851
285972
565655
409068
966733
37575
339675
645322
362189
730576
739565
416001
839964
839275
50558
982908
685092
888118
991551
968614
523343
964929
154508
553192
285094
604376
134028
956968
431022
459435
664484
115827
327850
851456
231578
644067
952398
243535
305779
149544
423469
917266
557070
716792
213669
649511
153565
906062
277014
983728
520979
929685
743251
769445
745598
761895
276073
3873
140321
814212
669981
651197
361482
465741
769308
37991
863608
176179
332987
627256
409910
129090
39890
458973
818221
353951
432166
311621
115277
57717
227728
687015
796617
460128
98141
49864
945082
771703
704392
363841
547775
79337
510624
857545
469519
811665
654642
126585
190281
144801
944091
132114
594658
178824
868467
391510
813467
966326
369661
673476
360637
506583
997541
807707
582999
632385
992100
798362
746258
311272
779999
290928
917332
258932
350856
583672
171399
919701
987448
797724
551433
807619
864012
523939
638645
921201
98107
250027
554177
446065
944092
138068
705554
241788
949990
270340
615821
672834
64606
310524
728942
188118
878038
637697
171968
679776
406239
402097
72628
58883
89108
624539
180428
674399
961611
415425
220004
171308
278716
624666
617367
134905
227488
750422
982876
400410
743448
732426
9171
220575
863370
334760
247950
578659
492950
183288
566422
810135
945352
164576
952392
353718
115387
815964
736385
890774
694165
540550
229852
351902
400296
966232
240426
270460
806313
534507
918371
745018
972726
452617
912756
836222
767195
471716
871572
568250
442575
564085
906917
831046
775135
464023
764534
386726
823037
209907
86404
872035
155214
278984
335769
158448
222049
641854
665845
682511
391822
80156
256700
391216
60667
408868
419127
760691
158823
823693
70048
941226
322253
454379
20891
457606
976246
346417
888527
50977
586398
516412
337794
186919
372416
430509
795275
474160
851479
240649
735941
739297
680414
379974
137395
785175
399758
666600
720904
923987
847788
894054
154045
220939
208924
997030
476721
10265
888410
272720
630456
652629
663999
810819
120294
691399
855395
239426
519305
535038
573490
129389
737584
543800
463979
916258
720835
931177
743722
996866
518007
203997
743269
736643
463135
959797
615235
484135
553452
736110
345772
330788
973989
263470
715162
276935
118310
912470
393596
668976
385687
344908
929492
258160
496924
380035
990251
997904
64222
869152
849127
744515
674879
935273
776940
355201
804272
279305
693634
287687
460522
380160
162245
697290
581357
323458
566600
200191
853130
681943
104134
925750
802616
340463
46500
216030
724117
409343
573164
347329
247562
402216
366984
946353
127713
667830
75820
352772
140263
660102
690478
40246
807488
6648
866868
349616
44331
493254
229021
210811
715158
20230
729648
234102
522135
306298
216237
536712
608054
616676
453197
937377
749633
74214
984348
699313
41681
175926
385129
831127
528252
982000
650130
65594
323754
70315
689151
27796
385196
756769
163728
776975
246140
270135
186149
860568
703606
539952
724234
254228
661085
6886
907730
78242
73970
397254
815922
778613
218157
716858
741135
540168
308192
814024
369064
59408
828296
737700
794430
446412
807729
773695
799224
947982
671386
480642
360876
388277
227193
266947
928932
708574
813743
51018
611393
754372
624837
329250
45655
505923
751946
539745
394008
277353
541323
954452
599965
19917
449391
458423
769217
756511
698174
482052
297807
347414
682002
40705
160145
241363
257331
305825
590784
601381
759479
382593
246420
211392
833206
1460
818348
867529
938510
644322
980672
537099
698649
220853
505830
428573
94341
786481
356556
257522
876224
950720
572180
416301
467113
563037
807198
459384
56210
983190
451356
301583
549379
743904
362998
793013
532731
696024
381253
882496
431195
789728
947655
410204
599413
490124
364070
680707
169199
451534
441366
359167
95989
481984
552043
906285
996091
17899
390062
721731
47247
298745
62432
401078
436897
182299
489620
27947
585724
73504
475674
220833
648455
753292
223941
733258
599573
988532
520613
766201
548502
680191
285802
793376
796980
964067
700704
622784
550781
116888
659392
622045
128562
340331
865108
520395
972579
496474
493439
966823
759138
650422
978569
71659
431083
839327
143822
488058
30284
831753
594003
200145
794987
767306
14600
76204
105082
473677
781675
418156
507729
946727
76330
192632
236460
948967
518901
364354
348790
932760
190612
769096
850534
526802
794154
261361
949434
637914
619749
451021
886367
814909
929504
203506
629327
897260
350430
219741
83531
128537
875274
434861
370407
853054
110349
678873
158900
633889
480848
27734
994440
131413
206661
539969
64067
363704
995502
621765
860653
33695
565184
92598
764791
452610
303199
133792
649853
215255
599250
694026
233890
189930
645228
598630
51438
574212
787112
563644
598979
737589
834604
550936
419712
322902
86818
417300
636454
610769
216143
608296
715901
464660
567453
726688
53146
268989
876095
165711
302280
148601
885656
638964
247028
415238
855273
361623
404827
625035
486319
841723
488401
850852
369552
725644
310788
774199
656378
908518
712958
983754
291670
168141
617581
430937
810593
910056
368124
337744
398222
221841
99438
978005
638231
326240
4093
660478
135758
695599
8185
930642
989561
544211
550962
477799
909894
150495
874573
485070
631054
477541
473359
192071
151337
858420
126567
253580
248209
91740
243990
72178
662733
153293
90992
658861
324902
871230
827493
732844
244
335074
194954
710220
778168
512940
116019
950924
893762
536737
433427
134358
477322
381683
507934
916328
959664
214341
419428
83359
26322
512472
71064
265234
210011
170369
583174
892539
438286
194918
981868
493242
112107
270491
336636
610819
581065
424891
181970
596131
202313
263897
269886
276281
522779
758575
443431
35869
508033
367369
695656
159549
156222
354085
284192
379539
281765
523236
108509
447671
731046
235808
425069
208836
801139
491380
375020
91137
172621
66608
729731
147776
238835
185444
721391
786712
316491
963074
819049
106308
856296
913390
834892
318719
437321
138935
801228
87440
25135
432581
645536
731445
701239
411838
809134
155579
830149
979524
604405
55309
420500
858610
286212
413707
257844
684452
525016
559473
239346
154179
212409
87074
224371
30876
304152
753521
629999
379309
711507
61041
946791
270281
88543
610891
327671
332299
731265
470758
411568
952122
703831
736702
583515
629805
737793
190299
944191
979266
412193
452625
364404
131947
615538
318947
133848
849043
315055
21477
878462
476841
214323
12249
617038
990064
967288
484172
55246
759741
234806
255530
474044
354952
19304
831693
859478
641907
393800
427495
242159
679163
953437
484753
567250
424402
60840
751596
799588
66025
231048
303773
383592
871927
807405
982806
623914
808174
416726
601868
30317
821892
560214
927464
179050
605540
96018
883471
183050
863848
299985
643848
434567
590021
653075
281259
886346
624455
497072
421123
771325
817027
224634
914043
325795
443137
725394
884331
777294
134037
396738
638274
586041
473572
146044
823076
687482
586317
460591
915816
273598
496189
801997
591554
471870
769977
293972
770649
133379
976815
915326
177594
825268
792500
184598
57162
37856
156632
628319
288360
562990
750920
161854
512681
977727
208608
879916
50371
176263
887789
653282
316891
933038
745543
358864
171497
551263
835096
532257
130821
753620
214901
725001
662587
105701
606295
873233
838032
427790
965574
540075
466383
846853
246601
980983
460667
368191
21742
599501
591381
104940
301699
510224
973035
593695
848978
606465
598284
945780
515034
742050
985359
936265
647760
379779
536724
516589
413836
333567
520371
651693
959544
36896
679886
828875
694028
107138
355389
63103
620553
843491
654704
732293
564187
695647
652545
116150
348439
671012
815286
83396
458699
110189
849814
974798
496980
253606
957214
363174
780275
546590
35507
36593
763955
685836
720385
247291
581987
997163
278871
996342
887366
852577
278045
882928
348964
484107
639473
837093
615160
732519
159678
876130
289919
980955
828002
877333
483603
766666
305391
243579
798666
338479
741159
253305
189463
733244
699470
832680
995764
781459
343289
465348
591168
820428
180752
963886
510463
792711
617408
867172
624076
838287
277475
299146
913104
450800
558285
226971
665039
761355
164253
190410
458121
537828
430234
739276
131387
43239
88843
12065
47809
983710
762265
116471
349521
394665
866357
231239
577017
463343
803268
638850
978240
966374
288573
219854
68911
213073
409867
292149
521981
128262
545999
62358
261976
382869
589611
371444
719117
286187
10354
863018
558400
490612
172155
180325
840478
427838
975114
306695
494010
794893
331091
704251
183234
339074
201789
477011
139907
652747
929078
386995
295318
682143
369574
185799
95960
178705
908932
389084
715532
377180
776045
317757
986309
771596
203337
957137
264495
978403
886539
944198
617051
325482
885821
783014
171586
986395
579897
209823
206233
191145
535664
481675
573051
287899
188201
246396
346350
204532
39390
566662
166412
164511
678184
617252
609465
348559
301499
552101
56344
561699
571949
46532
955132
864688
587098
60145
77183
559533
454670
437049
351270
880667
469080
62748
127206
236550
166924
430701
268145
870866
602520
636685
299852
368148
29309
15326
955615
515587
798932
860727
847031
650923
697000
931918
663795
775773
123047
733867
259683
394350
491918
886100
217300
249516
984773
243514
747
871216
310147
817756
603222
126772
448986
962557
675680
768216
452261
732752
482994
308680
235814
804197
675708
428109
974227
850620
788296
507910
134069
813474
578934
824849
406528
72138
811174
396426
800475
124372
844489
463087
939172
20696
448506
117089
167370
461423
584865
643468
420231
161360
510983
725486
931503
814710
451586
785103
765584
751543
256767
378410
846625
167179
919382
746655
627501
627185
559973
335386
792493
403164
504019
337409
419737
78348
374128
89656
842963
777029
698935
459765
46792
318135
400778
195019
805825
570841
665850
574538
934982
298837
123383
604947
957034
819970
964489
430484
212992
879218
616672
590369
941994
235531
856600
249449
139559
596837
791595
552540
66553
702566
969391
808552
125940
549323
986050
297392
450361
982886
353573
110815
950825
138500
61523
587787
765250
501457
221148
585629
15349
681272
415806
40057
531297
345263
898093
10481
735869
141181
571952
681260
193215
853527
777117
595334
422136
484526
253615
733539
449740
428217
305632
921073
238555
414973
106936
442012
558663
443728
294092
673427
96155
490544
479132
12570
590161
384653
79867
363759
572952
876898
913942
976017
851096
590556
331802
478153
210342
240808
274088
544944
952925
236634
530618
746174
783187
537750
650904
779747
245879
429195
410314
470742
391261
697492
471296
630187
592074
544846
895715
110494
469689
461605
462178
168918
700210
192300
321345
556063
66059
876798
382559
583368
494502
425715
966753
791672
981850
197975
683409
742387
240514
88452
193476
883439
625829
204938
505493
404080
400545
416188
718767
485828
677090
186623
675300
381205
441224
278260
811275
307611
905372
96785
609247
230572
65972
686166
443804
228793
746325
635041
286292
282827
594983
448123
688326
9863
479374
257168
699135
79035
465387
98587
888404
784814
105842
368572
444143
530478
74245
481644
394164
779307
274982
204828
360171
368050
437035
617177
894994
945411
855583
153198
376421
697680
384286
728711
635114
454312
795
519034
979512
728182
269013
561852
47174
238393
803837
990978
959898
987925
407615
372218
589040
24105
892249
308850
347809
596748
726886
211772
818922
547026
558328
888149
698854
409514
339799
392457
994000
890515
273421
405059
139458
97718
22718
256056
727702
139366
683721
595875
832281
485546
816692
629157
490801
789880
435229
774746
771767
706796
225497
592156
991472
607738
425530
823657
70002
999070
733065
441184
719472
875110
330047
658534
143016
201637
612975
971879
189608
218377
500428
425401
457690
273382
252648
463896
669630
457902
582717
930479
749438
397234
464910
995073
427727
171225
452971
58139
870795
487493
509578
964153
784762
911118
317975
180620
681096
166455
797718
950965
506420
269883
78720
813406
637377
526739
501250
292984
320409
231314
304281
20185
996670
245736
540527
7155
593887
501720
413777
321276
789845
868559
672577
935912
456256
761424
914051
109452
977149
325935
652638
246271
902487
28135
790724
827050
445605
3417
691655
660932
662132
573607
400303
408273
758429
928337
682395
50273
869180
84985
460965
740607
816609
890897
916833
264150
817909
12246
989704
149241
842821
565817
267462
332419
339893
293153
283477
158404
347817
950934
55194
413070
587319
897101
292021
33528
989460
689162
76499
116888
257776
879291
979973
858136
484556
90221
512438
87548
545662
886621
525986
149370
983625
918543
692253
966049
355374
306703
456459
266054
568797
263756
934168
118392
561433
501415
61563
113211
784958
60151
936049
755404
350702
816394
691208
896932
364327
71554
438593
323627
931851
307873
778614
933503
554600
407983
133692
296167
147228
378272
689134
766701
710836
890518
40628
742411
772291
761948
741989
97162
61224
830786
822770
305519
537757
552508
2577
277729
806903
41455
767401
466606
159627
213095
693003
378682
965977
144161
401368
224502
912232
761049
318490
76764
621895
491259
965172
570012
529478
568357
857331
871901
486334
267816
218189
383579
469425
469287
612033
385529
936766
590244
297652
635248
827364
116622
569308
744429
938844
667983
604071
15850
432553
777894
366576
303978
513769
344639
935730
378300
913763
13027
212629
214727
660802
584985
344927
617923
768787
924797
360108
586203
895066
724231
438612
870714
723078
923513
977465
251848
810807
545964
96076
158435
912668
197323
518046
389001
330253
505173
826354
859455
676511
329554
933974
497826
548244
662760
237988
634242
993438
754494
332459
493095
332783
147942
343815
684414
848839
993021
922227
912729
91658
214953
673434
474252
66269
859479
347692
497011
365303
210454
416006
293580
389101
81219
758541
642365
156043
18054
66044
290926
847402
22202
212399
483618
153890
796342
294851
855860
695185
452072
258206
608645
269035
76859
20264
479424
453187
552109
797984
659310
131201
538380
897351
471558
842333
599465
574635
322599
466011
23954
702729
164418
643042
21087
883442
465861
508521
617070
335154
480514
765536
758744
354908
420056
864090
843380
405036
994551
66299
136544
906614
664923
476723
314382
635539
867895
695849
672372
211727
419970
615053
379451
547925
284563
12977
524637
281841
895189
36131
602655
153792
267644
350607
515740
11777
205411
737151
130730
626866
5062
168443
923671
784030
202204
955294
268647
177002
63581
377544
483137
480492
727209
325835
829161
599052
119962
871995
287635
499124
40842
358661
72750
219255
88172
552826
533869
623229
430250
643384
304360
211801
771567
379336
299914
840977
250432
443164
443350
508237
418936
232981
798546
462847
902438
587442
133055
772358
813322
628969
797138
134637
502542
823706
206357
163245
772528
560743
145516
593694
246303
38461
573691
859110
190209
12485
603206
266035
721418
7561
849876
564599
996461
924802
407456
51996
673272
586049
286184
474205
666809
648767
273451
898081
977087
497673
824051
414466
158499
173449
768125
2658
820593
134224
336837
137574
403014
662098
248970
753162
351103
24863
376048
989086
733694
82146
809266
742464
290919
885579
988408
422363
877398
964171
921107
462052
274961
408948
420210
82410
389086
574985
717671
519693
914540
204345
775335
431772
658244
40007
106093
479226
841160
548757
943354
141134
866057
200063
152396
670135
234282
858369
364119
717294
522226
237786
429842
564578
586928
41061
445239
91151
460346
358760
272140
569508
713057
139992
698864
138372
420748
62573
122903
331550
250597
928406
914174
355400
599710
788925
422767
902295
164063
365836
931970
163445
793942
973959
725569
361661
640
75850
837798
563127
19253
801964
985003
746976
903657
255496
639983
112420
732314
187605
203144
385449
637358
676611
749004
450553
34403
773841
882270
977670
126862
689139
824602
840533
486059
980690
971360
29814
267231
386621
807028
452938
411546
389980
248694
482183
5551
344011
198846
363629
822020
1271
331957
631769
949922
587978
913687
488065
336324
144074
757251
696464
9276
709844
258369
924839
728308
81545
818417
618600
817929
281318
864779
431125
979578
590802
108086
955462
948754
983180
637937
2670
966584
55017
951852
954427
168909
107079
36635
781000
160956
852451
176979
160397
242009
340588
253063
760494
971986
77575
907052
153174
30646
995683
107832
17968
610172
879444
323968
262431
903178
90799
726791
437454
600721
952475
588686
357947
698680
946617
316057
152800
325925
964779
362130
62748
753964
205741
601645
180766
225309
959224
617662
986817
746589
436422
750131
967270
532470
12361
686520
829037
357745
730480
836726
819431
677488
686381
727641
445005
8935
955590
177188
446075
733850
59260
63261
228389
176351
572073
89970
79355
538765
368249
71708
403480
36856
174367
905008
900148
365783
551856
578794
76591
449479
167318
285563
739873
278638
225488
939200
143961
526321
237457
179513
281395
545201
875903
249284
403829
296785
529418
966510
231677
740462
309627
382688
470320
219039
687643
617408
188821
417449
640496
790182
336806
542612
173549
932359
176161
474975
351481
255121
686403
776027
518300
173993
66076
601142
215941
45945
297250
763390
421335
662085
366156
421484
113477
157116
140241
123828
854829
146116
90399
230675
25531
579903
16843
57684
584223
22129
688082
436700
745888
794416
834684
773391
764987
710294
252970
96390
91239
924301
868546
38900
525775
759588
485509
171239
646968
245497
604429
611607
698125
495985
130672
382398
333301
990473
14340
550648
102858
280574
864111
793766
326998
639330
359462
665497
53338
694013
849254
502063
123718
139195
869363
604759
985744
213712
438040
62812
776236
743305
894899
339062
376514
200160
737903
531131
593655
411181
382461
41965
357114
258809
17701
246229
836772
961310
767239
622782
686291
293902
175221
738530
194757
417736
633139
415224
989968
820673
738928
388317
78296
241960
737024
775778
428926
352309
126610
714814
14361
391570
244927
595713
204447
928087
133576
424598
677760
396990
277899
980630
562061
99097
873063
598267
344619
897768
115142
601467
203554
937943
641512
644249
802959
329801
652084
470844
267403
888843
431360
898669
5525
704910
961061
148682
287783
524529
64016
190
12
674162
52249
630982
792307
526346
165669
418707
921855
316356
182506
425673
448659
453973
458586
766831
84745
343068
309797
569449
920264
121151
90558
773051
454002
661677
540824
589481
841175
643845
975149
45476
37993
487756
669554
663930
570298
477230
365407
5086
982726
448255
154278
485148
635148
7916
133683
617374
404793
366874
130862
579491
25267
517817
480233
801297
247808
673027
309852
87637
745469
586068
43237
644440
697498
625812
855082
259325
289072
245397
632915
803306
940610
794392
591449
166415
941265
459363
62367
717620
302783
486183
139500
388172
72772
736855
797830
517579
50540
64273
824502
672693
833969
950272
400968
752924
392567
345463
457639
828374
909605
673781
985891
322774
465423
520338
336996
349318
244292
608058
163522
235100
338841
286787
65986
528605
898911
907930
195997
74756
325783
138366
36884
63319
448101
479308
333743
308981
132396
998905
677109
405243
578972
561835
557883
809263
633027
644788
805922
361122
801213
163635
200638
218479
305462
606284
699196
696410
428745
164587
166378
42227
611532
489364
709903
746403
243077
154523
725966
593232
858253
909379
541992
288659
498512
322755
107074
167758
324648
478035
525296
180616
179381
965337
353106
82916
689416
535051
489142
516321
669431
426477
173395
453778
44597
565915
82299
306160
243555
540488
757333
839208
30391
497145
636945
933511
41994
890703
775076
135312
876288
310451
924289
892216
437182
451748
37500
345408
383669
667223
399511
558784
953389
431585
538045
105438
135026
484731
783684
3230
149312
379729
849121
93711
464965
655456
80322
92453
123776
878040
95715
703892
978141
350956
374213
390062
554695
380515
978870
610145
649292
601669
10205
606559
431460
18454
571682
103329
790513
94063
999583
603781
890900
437448
860477
327158
420942
376541
751708
207503
816975
982550
253823
793237
824006
915502
478564
332124
114360
798076
532033
803862
327377
692968
869880
171324
816074
658413
959811
661516
590812
287180
886471
458609
435311
596253
534706
793938
937018
627575
769463
51646
221626
644664
594025
173703
510698
865546
613057
344301
231642
259392
252857
661190
300950
52388
98485
260272
374416
237802
395876
149861
312157
565846
236813
832241
841647
200883
195564
642761
418529
476661
218260
620437
582852
954690
379530
639121
687469
296526
715668
474524
735691
297662
719555
460004
206890
798859
239800
392718
171583
90203
465047
391876
701668
853795
394104
482038
566776
652935
693542
777009
474370
468802
126623
273600
659020
810036
800917
429642
455415
476340
326671
896857
600012
144062
603969
6782
397834
559953
363977
866697
563757
278661
778011
212567
501773
560206
417908
487293
21003
255592
602157
965090
3904
251879
694465
126630
339912
322443
234929
904595
516895
33820
878677
865598
623125
697462
992863
871950
154099
222856
420078
275564
941361
127914
354761
236295
724615
893183
498895
328333
373729
308346
664242
200787
533879
452632
770631
692396
514887
475202
753255
465335
574943
397211
236676
919381
359229
744160
959213
875237
145593
935350
838613
274602
722229
6618
258385
934622
176470
423232
623881
215625
609118
451728
488235
313612
805341
802628
580434
772742
191043
30391
881328
728093
982681
482645
488072
335278
298869
427602
383490
821023
143729
356786
384083
597617
594766
359575
478853
924164
232163
896731
490869
668872
831760
262034
494466
829155
610548
514245
703194
600088
861384
686093
607106
946832
642735
632620
982724
832900
299596
968113
24956
483697
983340
159062
257513
323543
11114
989958
66809
514441
859475
299416
674086
346119
822336
96049
111450
79437
879885
906645
299777
229032
122982
483628
639865
686095
156650
804475
622986
528500
266634
632622
842949
843002
774590
777599
448995
393043
930317
591538
517360
505733
893564
169848
39021
122850
843280
185777
222171
563262
18778
281751
590137
177950
545142
464776
918986
743858
224299
8868
403745
139072
83546
954388
568173
569388
364894
412316
340229
375108
811482
530914
403860
236925
561376
162899
407468
421094
694445
983166
860374
556567
494606
50226
580852
320602
787566
579005
372750
324381
293305
998249
202460
436453
792891
202729
523988
759369
50825
278612
557056
483663
856947
879731
261708
883365
256060
863221
472562
788525
18767
754833
156856
972776
673618
107445
42664
27728
968518
840701
927116
461061
458446
205341
819201
951427
26896
102745
697696
920865
540035
108334
72002
844166
505441
696916
722128
4711
561381
848726
963818
727562
857927
426793
535750
473148
907844
459475
738017
558654
282984
736386
764523
689281
611077
931616
266689
927826
688115
805048
61836
208564
163163
900762
556816
10210
175252
560900
895964
342785
526134
4062
62170
774472
458018
679185
160818
827133
872011
99050
898598
702889
870842
881955
832667
969264
838538
785768
310333
526628
880094
105485
145467
909264
335753
923580
985007
730124
257387
351844
7467
869423
188561
84090
65015
828472
325207
291000
631739
522719
150459
131551
952876
671733
935022
929894
603299
858923
73574
372192
258272
280063
88037
914869
855458
177232
270166
963857
484388
963575
358740
283867
278083
84329
350760
527359
301243
730830
531400
734801
930399
626787
74050
150976
503639
239871
109671
726511
81010
936714
993742
229462
1411
795712
609468
978701
547782
19551
937496
829017
439608
148170
795253
187272
60244
562923
603105
519585
296283
93965
269905
21459
617176
895461
807086
865922
555534
136982
78318
719161
62021
474487
170833
18805
303463
710610
234896
846899
348799
531474
279482
97823
844697
716057
335082