999901
999795
999446
998736
998654
998474
998338
997872
996314
995267
995196
995093
994989
994967
994599
994169
994083
993880
993454
993188
992865
992669
992515
992443
992360
992055
992010
991812
991699
990108
990043
989401
988553
988486
987685
987088
987087
986800
986779
985644
983864
983317
983158
982914
982545
982190
982071
981409
980553
980274
980002
979491
978131
978094
977648
977424
977299
976746
975917
975463
974997
974895
974337
973491
973321
972192
970835
970712
970156
970132
967045
966020
965775
965468
965162
964926
964748
964493
964492
964290
964212
963451
963120
962845
962328
961862
960335
959988
959516
959314
957317
957014
956629
956557
956339
956088
955442
955302
955138
955087
954913
951915
950885
950863
950201
950190
950084
948492
947686
947256
946583
945910
945780
944737
944482
944162
943943
942606
942312
942233
942138
941348
940620
939980
939350
938906
938891
938842
938680
938183
937440
937307
937109
936649
936404
935709
935587
935127
932509
931852
931576
931367
930845
930146
928669
928069
927787
927451
926811
925301
924804
924761
924708
924237
921902
920418
920181
920155
919676
919502
918849
918445
918201
918091
916896
914376
914328
914078
913951
913893
913859
912391
911941
911729
911356
910719
910316
909669
909249
909007
908953
908574
908264
905848
905717
905027
905012
904999
904531
904175
903859
903287
902827
901621
901080
900990
898611
897715
897242
897060
896834
895760
894962
894551
892510
892436
891912
891663
891046
890154
889606
889543
888968
888006
887634
887511
887252
887216
886760
886694
886650
886518
884898
883738
883564
883164
883087
882703
882580
881964
881914
880991
880116
878606
878598
878171
877955
877840
877777
877570
877285
876539
876069
875706
874596
874541
874100
873200
871109
870750
870669
870261
870084
870008
869723
869678
869321
868930
868267
867529
866362
866341
865492
865259
864891
864480
864446
863529
862782
861599
860742
860475
859952
859736
859650
858602
858528
858426
858214
857406
857276
856947
856833
856135
855852
855337
855255
853803
853416
853309
852957
852708
852637
852577
852440
851772
851111
850915
850551
850250
848734
848483
848034
847783
847276
847260
845821
845585
845384
845059
844122
843026
842606
842004
841965
841253
841212
840201
840007
839875
838897
837274
836892
836702
835572
834713
834619
834186
833168
832661
832617
832312
831294
830698
830280
830088
829633
827091
826157
825972
823641
822857
822797
822718
822624
822379
821148
819514
819364
818841
818229
818197
817205
816107
816075
815816
815681
815229
814663
814602
814235
814112
814016
813694
813662
813413
812941
812438
812211
811250
811172
811036
810295
809915
809876
809134
808454
807015
806934
806492
806236
805447
804957
804503
802983
802702
802516
802434
801358
801236
800424
799416
797764
797699
797497
797263
796988
796696
796108
795248
795124
794093
793848
793744
793474
793417
792745
792123
791890
791329
790914
789505
789342
788989
788681
788223
787324
787238
787013
786938
785842
785811
785476
785198
784627
784131
784055
783292
783243
782632
782278
782085
781564
781420
781118
780512
780195
779548
779247
779134
777584
777560
777429
777379
776795
776363
776129
775200
774964
773942
773895
773544
773488
773179
772392
772162
772090
772040
771357
771344
771213
771100
770555
769589
769546
768549
768143
767959
767433
766194
766087
765832
765483
765282
764978
764531
764193
763730
763554
763527
763391
763273
761590
761464
761229
760707
759813
759528
759328
758202
757190
756615
756186
756129
756082
755584
755505
755260
754774
754724
754274
753518
753266
752672
752442
751689
750665
749717
749416
749102
748619
748359
748297
747164
746040
745548
745459
744218
743824
743146
743142
743106
743088
742582
742299
741988
740535
740155
739280
739114
739106
738231
738186
738026
738019
737802
737558
736900
736841
736574
736293
735955
735692
735316
735013
734987
734751
734680
734670
734112
732243
732055
731783
731448
731333
730634
730337
729331
728523
728067
727821
727514
727372
727366
726962
726063
725970
725286
724875
724771
724551
724498
723939
723860
721845
721296
719849
719792
719386
717990
717873
717345
717003
716853
716441
716214
715684
715128
713062
712972
712642
712342
712291
711944
711489
711219
711083
711019
710962
710876
710341
709775
709465
709202
708915
708027
707656
706543
706449
705622
704858
704593
704579
703770
703023
702794
700554
700114
699997
699596
699575
699145
698979
697814
697692
696829
696204
695800
695634
695088
694161
694041
693075
690487
689951
689799
689764
689543
688815
688680
688090
687722
687709
687599
687103
686884
686122
684703
684651
684355
684032
683904
683196
682338
681971
681724
681560
679998
678819
678235
678129
677851
677797
677588
677514
677161
676774
675727
675086
674737
674382
673380
672326
671269
670371
669583
669481
669152
669130
669114
669016
668617
668051
666804
666382
666063
666042
665560
663955
663920
663668
663420
663252
663228
663144
662972
660797
660684
660680
660570
659474
659166
658581
657954
657882
656937
656874
656678
655923
655875
655769
655409
654876
652724
652474
652261
652165
651016
650742
649422
649120
649094
648907
648643
648203
646041
645189
644787
644277
643523
643494
643406
643067
642432
642280
642104
641219
641028
640826
640198
639876
638410
638280
638256
638057
637236
635799
635353
635194
634128
633702
633114
632139
631419
630513
629968
629816
629728
629149
629085
628641
628315
627812
627244
626889
626689
626665
626547
625898
625020
624306
622124
621666
620227
619475
619335
618045
617247
617245
616267
615099
614526
614144
613942
613624
613042
612757
611814
611662
611304
611218
608928
608827
608205
608136
606920
606023
605467
605395
604978
603099
603014
602742
601932
601757
601481
600986
599775
599169
597513
597117
596545
596094
595917
594559
593914
592360
591880
590937
589490
588428
588056
587808
587554
587017
587004
586828
586328
586275
584027
583908
583873
583579
583228
583077
583026
582728
581696
581313
581120
581071
580665
580297
580292
580155
579257
579028
578745
578551
578509
578505
578056
577248
577019
575713
575214
574650
574650
573860
573402
573019
572873
571580
570519
570097
569487
569095
568413
568361
567555
567459
567246
567231
567220
566953
566628
564576
564561
563656
563396
562830
561818
561789
561377
561132
560860
559591
559352
558764
557221
556558
556459
556235
555158
555112
554572
554454
554380
552682
550390
549667
549211
548921
548817
548596
548160
546778
546307
546256
545560
544800
544784
544612
543282
542214
540989
538519
538232
536528
536348
536329
536320
536235
535942
535903
535827
534905
534898
534554
534192
533666
533625
533297
532620
532379
531805
530215
530076
529606
529327
528910
528111
527747
527484
527249
527102
526937
526598
525508
525315
525133
522688
522283
521073
520976
520424
519230
519226
518971
518803
518199
517277
516553
516449
515659
515328
514268
513690
512289
512241
511960
511724
511531
510793
510338
510267
510206
509518
509140
508738
508477
508273
507229
506727
505831
505582
504886
504843
504726
503915
503856
503467
502423
502290
502180
502080
501737
501685
501318
499893
499315
498939
498717
498070
497993
497870
496864
496368
495401
494864
494440
492725
492242
491926
491796
490065
489760
488802
488175
488040
487235
486871
486437
486280
484732
483905
483791
482489
481711
481588
481517
481366
479373
479011
478437
477727
477451
477412
477347
475764
475536
475425
474313
472781
472393
472352
471737
471133
471026
469310
468875
468401
468300
468284
467538
466496
466048
465630
465407
464270
463981
463252
462261
460097
459779
459363
458101
457041
456922
456777
456712
454510
453843
453697
453600
452979
452625
452075
451824
451229
451030
450536
449996
448215
448206
447640
447545
444731
444601
444396
443307
443299
442579
441986
441879
441554
441078
440200
440105
439604
438212
437665
437273
436916
436524
435753
435743
434468
433886
433709
433097
432837
432158
431419
431329
431198
430955
430889
430460
429357
429123
429121
428737
428726
428378
428041
427725
427513
426902
426184
425951
425566
424534
424478
423761
423612
423540
423492
423437
422058
422036
421258
419634
418624
418497
417512
417468
416068
415628
415428
415386
415158
415096
414880
414643
414533
414378
414071
413124
412982
412528
411912
411226
410033
409693
409316
409288
407721
407460
407156
406061
404474
403574
403252
403148
402148
401764
401083
400889
400334
399721
399485
399018
398894
398787
398553
398490
398483
397783
396753
396654
396570
396274
395357
394851
394443
394381
394101
393776
392678
392307
392034
390387
390339
390164
389742
389660
388550
388452
388286
388164
388047
387505
387281
386527
386503
386329
386126
386018
385579
385119
384940
384157
383504
382545
380154
379976
379818
379213
378578
377436
376559
376496
375797
375544
374964
374909
374895
374433
373776
373409
372634
372385
371494
371261
370848
369943
369622
369107
368862
368681
368563
368298
367921
367223
367086
366858
365647
364965
364144
363271
361697
361023
359809
359534
359245
358715
358155
357940
357596
357517
356864
356531
356245
355203
354579
353449
353118
352909
352607
352565
351042
350098
349275
349109
349062
348204
347702
347508
346819
346412
345781
344854
344521
344137
343973
343663
343480
343358
342221
342089
341810
340608
339210
338232
338036
337348
336467
336140
335827
335707
335025
334527
334473
333828
333156
332299
331100
331037
330934
330754
329838
329355
329244
329104
328785
327881
327537
326658
325572
325470
325433
325346
324951
324442
324389
324286
323942
323929
322894
322851
321822
321175
320701
320115
319501
319281
318962
317878
317318
317232
317003
317002
316605
316517
316167
315674
315521
315192
314470
314372
312477
311996
311439
310295
309551
309290
307709
306958
306527
305855
305344
304774
303742
303362
302725
301480
301364
300641
300324
300061
299788
299695
297987
297673
297424
297225
296238
296152
295134
294713
294322
293307
293113
293111
292911
291547
289961
289608
288227
287945
287631
286577
285932
285644
285040
285023
284883
284624
284533
283626
283497
283183
281701
281499
281454
281012
280134
280109
279731
278564
278042
277829
277222
276205
274540
274450
272963
272724
272307
271991
271498
271273
270870
269432
269013
269000
267896
267734
266443
266247
266241
265722
263564
262477
262044
261844
261244
261027
260331
260189
259814
259708
259543
259503
258523
257564
256926
256307
254446
253299
253156
252994
252636
252618
252055
251915
251677
251020
250996
250664
249095
245983
245594
245408
245317
244626
243380
242800
242703
241311
241185
239685
239671
237167
237110
236696
236695
235204
235162
234334
234247
233470
233384
233353
232517
232431
231915
231816
231668
231603
230661
230500
230419
229820
229766
228790
228512
228299
227043
226519
226315
226273
225973
225908
225649
225319
224861
223925
223832
222888
222411
222271
220925
220419
220380
218977
218917
218760
217166
216498
215719
215542
214941
214433
214092
213468
212940
212726
212300
212169
211895
211779
211042
210294
210283
210147
209681
209634
209617
209382
209190
208961
208570
208095
207882
207725
207560
207521
207452
207295
206944
206525
204957
204880
204256
204222
203110
202639
201802
201492
200366
200118
200056
199473
199262
198012
197468
196823
196799
196049
195431
193999
193943
193352
193332
193316
192992
192945
192484
192120
191417
191273
190956
190646
190536
189880
189380
188910
188715
188474
187623
186454
186321
186300
185695
181120
180891
180879
180812
180245
180209
178894
178269
178125
177975
177890
177837
177566
177474
177395
177013
176576
175334
175033
173767
173528
173298
173205
172563
172041
171734
171634
171443
171086
170919
170489
170195
169588
168373
168348
167766
167305
166134
165684
165654
165649
165407
164669
164175
163891
163646
163411
163285
163081
161739
161571
160845
160705
159284
159099
158608
157845
157776
156602
156529
156477
156012
155770
155404
155291
154729
154711
153703
153626
153483
153456
152696
152130
152092
151426
151113
150776
150021
149526
149108
148941
148885
148576
148496
148357
148278
148190
147061
146430
146237
145853
145113
143451
142810
142733
140295
139981
139330
139109
138492
138185
138076
138054
137646
136552
136207
135751
135106
134999
134921
134812
134728
133295
133114
132911
132503
131866
131822
131743
131381
131303
131019
130513
128670
128355
128285
127800
127790
127758
127606
127433
126690
125954
124449
124043
123872
123434
122737
122202
121966
121910
121435
121160
121138
120443
120337
119748
119626
119495
118798
118631
118168
117897
117548
117399
117098
116396
114420
114255
114193
114075
113676
111970
111086
110815
110358
109829
109809
109734
109520
109433
109155
108400
108141
107182
106865
105788
105449
105377
104723
103825
103200
103007
102158
101114
100775
100125
98896
98726
98616
98007
97468
97120
97100
96911
96725
96374
96144
95657
95022
94608
94591
93191
93057
92933
92699
91759
91629
91616
91162
91033
90810
90744
90197
89862
89810
88741
87299
87234
86441
86362
86213
85849
85606
85296
84277
84254
83783
82764
82283
81674
80479
80306
80177
78910
78267
78170
77638
77371
76685
76674
76115
75757
75067
74893
74882
74874
74791
74641
74375
73827
73271
73002
72442
71786
71487
69443
68850
68830
66754
66133
65717
65551
65511
65475
64318
64143
63743
63659
63655
62925
60830
59940
59782
59503
59387
58783
58256
57256
57104
56027
55921
55737
55494
55248
54393
53656
52172
51870
51677
51637
51574
51564
50976
49633
49568
49219
49182
46342
45654
44626
44474
44199
43703
43541
42723
42013
41631
41607
41385
41238
40808
40682
39996
39703
39307
39081
39066
38777
38519
38113
37454
37344
37198
36019
35001
34941
34928
33684
33466
33444
32728
32607
32394
31937
31876
31844
31669
31426
31307
31300
31220
30875
30488
30224
30148
29757
29749
29005
28999
28895
28099
27942
26721
26577
25440
25437
24877
23504
23306
23117
22759
21676
20939
19611
17547
15564
15422
15227
15065
14641
14391
13989
13341
12932
12702
12042
11958
11924
11801
11660
8965
8389
8194
7924
6722
5525
4663
4272
4242
2658
2438
1831
947
