999892
999702
999618
999398
999235
998902
998885
998779
998666
998647
998347
997979
997910
997631
997466
997398
996729
996210
996049
995429
994974
994934
994861
994308
993598
993592
993476
993430
993203
993084
992630
992613
992413
992358
992019
991759
991413
991368
991302
991173
990884
990445
990415
989939
989935
989913
989671
989571
989424
989176
988922
988897
988389
988349
988127
987418
987186
987060
986744
986734
986713
986312
986279
986003
985937
985849
985271
985040
984894
984830
984407
983914
983808
983383
983205
982843
982588
982537
982531
982454
982158
981698
981568
981468
981227
980650
980369
980128
979394
979076
979064
978500
978277
978227
978082
977478
977403
977308
977199
977052
976986
976515
976414
976378
976126
976104
976081
976037
975520
975485
975326
974302
973722
973644
973468
973111
972430
972408
971892
971210
970898
970785
970330
969884
969639
969422
969388
969326
969184
969088
969073
968974
968585
968406
968208
967773
967729
967689
967509
967092
966896
966804
966679
966528
965856
965690
965594
965544
965478
965321
965287
964995
964899
964331
964125
963886
963698
963661
962699
962552
962440
962326
962092
962003
961637
960726
960685
960268
959795
959644
959619
959446
958950
958798
958734
958086
957883
956954
956608
955933
955727
955235
955035
954858
954577
954327
954106
953569
953343
953320
952678
952617
952496
952431
952366
952119
951731
950703
950652
950575
950556
950500
950237
950127
950096
950060
949996
949963
949933
949633
949156
948630
948607
947766
947499
947183
947081
945947
945431
945093
944972
944531
944469
944064
943408
942360
941977
941771
941379
940487
940169
939806
939796
939122
939109
938934
938702
938693
938553
938523
938379
937960
937928
937784
937456
937318
937085
937000
936742
936700
936538
935873
935673
934796
934692
934462
934397
934350
934208
934188
933869
933657
933638
933482
933364
933141
933136
932981
932952
932922
932845
932832
932568
932323
932011
931818
931406
931392
931169
930739
930491
930241
930224
929979
929630
929204
929191
929038
927817
927787
927294
926518
926040
925551
925368
925320
925280
925135
925028
924784
924615
924590
924402
924393
924300
924096
923573
923150
922999
922480
922354
921889
921654
921204
921172
920707
920631
919758
919608
919357
918778
917985
917316
917243
917181
917148
917023
916904
916618
916608
916471
916222
915534
914947
914743
914277
913886
913366
912711
912479
912236
912122
912071
911971
911966
911809
911373
911236
911062
910744
910129
910085
910073
909402
909376
909189
909025
908973
908899
908746
908387
908202
908099
908006
907923
907455
907396
907250
906693
906612
906210
905668
905606
905438
904940
904649
904627
904458
904438
904335
904157
904017
903786
903691
903146
902970
902879
902861
902840
902215
902127
901308
901141
900829
900695
900545
900381
900271
899943
899708
899580
899051
898868
898821
898818
898225
897791
897423
897201
897024
896737
896724
896677
895939
895846
895828
895525
894672
894576
894482
894449
894339
893537
893213
892812
892798
892731
892121
892078
891966
891944
891574
891475
891279
890498
890262
890062
889918
889699
889568
889258
889183
889087
888714
888620
888610
887567
887163
886853
886415
886150
885757
885525
885478
885315
884860
884612
884561
884460
884330
884085
882924
882157
881950
881859
881629
881184
881159
880890
880707
880674
880619
880560
880512
879874
879714
879672
879146
878614
877993
877831
877514
877392
877290
877254
877152
877109
876770
876658
876447
876348
875867
875291
875172
875143
872992
872975
872970
872636
872279
872257
872199
871379
871066
870933
870827
870426
870263
870202
869771
869472
869444
869394
869284
868955
868517
868109
868019
867942
867828
867407
866834
866391
865700
865559
865153
864913
864899
864798
864782
864626
863893
863687
863369
863246
863045
862767
862629
862377
862356
862324
862240
862210
861653
861246
860417
860173
860040
859981
859642
859589
859129
859116
859085
858439
858230
858096
857699
857519
857466
857091
857030
856904
855773
855538
855481
855352
855019
854867
854858
854629
854567
854368
853948
853849
853762
853693
853586
853517
853462
852699
852250
852152
851792
851553
851028
850710
850033
850019
849799
849022
848851
848630
848211
848034
847751
847497
847459
846522
846283
845950
845844
845760
845591
845483
845209
844880
844653
844529
844475
844112
844088
844066
843615
843588
842696
842302
841517
841355
841160
840953
840789
840696
840386
840356
840169
840014
839993
839943
839865
839456
839196
838795
838695
838428
838297
837983
837775
837568
837223
837148
836829
836817
836276
836079
835925
835779
835406
835302
835002
834269
834157
834111
834036
833252
833160
832553
831573
831457
831305
830575
830522
830034
830016
829870
829619
829530
829423
829420
829112
828712
828624
828467
827984
827933
827821
827535
827201
827166
826992
826808
826601
826547
826349
826175
825958
825874
825823
825052
824865
824771
824609
824600
824563
824465
824379
823416
823059
822596
822237
822075
821109
820107
819765
819532
819408
819398
818119
817264
816806
816360
816331
816129
815974
815937
815800
815790
815666
815526
815520
815170
814441
814104
813637
813440
813392
812958
812760
812701
812112
811957
811910
811880
811587
810893
810402
810049
809520
809321
809240
809232
809085
808825
808811
808450
808247
808197
807953
807912
807511
807392
807219
806849
806783
806467
806230
805603
805413
805273
804671
804221
803819
803219
803070
802751
802708
802537
802304
802102
802001
801858
801657
801619
801570
801363
801333
801250
801215
800866
800663
800606
800497
800283
800031
799968
799892
798827
798721
798639
798471
798170
798011
797798
797647
797565
797307
797260
796695
796404
796328
796303
796213
795511
795508
794991
794978
794970
794943
794792
794031
793873
793304
793111
792826
792606
792283
792015
791986
791592
791482
791118
790467
790364
789983
789799
789567
789554
789336
789245
788874
788332
788260
788119
787634
787481
787259
787010
786503
786329
786266
786075
785877
785664
785285
785250
784902
784674
784600
783923
783665
783428
783134
783020
782628
782530
782017
781756
781397
780587
779983
779859
779518
778685
778618
778364
778026
777897
777579
777505
776740
776608
776491
776298
775566
775034
774212
774152
773961
773839
773733
773684
773670
773599
773369
773185
773064
773058
772878
772709
772678
772469
770556
770224
770134
769866
769865
769317
769305
769129
769040
768828
768445
768401
768163
767540
766795
766387
766315
765526
765497
765452
765089
765077
764822
764812
764460
764334
764094
763020
762916
762827
762763
761998
761880
761709
761018
760758
760708
760489
759394
759244
758988
758844
758736
758286
757947
757773
757730
757638
757585
757395
757256
756760
756660
756559
756448
756245
755509
755304
755152
754555
754531
754351
754182
753425
752122
752008
751807
751043
750938
750756
750743
750715
750211
749940
749763
749374
748881
748726
748545
748396
748218
748217
747727
747672
747112
746614
746364
745948
745774
745551
745403
745243
745137
744906
744897
744551
744525
744344
744320
744307
744198
743929
743799
743618
743184
742936
742614
742516
742293
741975
741901
741466
741464
740724
740554
740404
739963
739919
739913
739602
739501
739241
739204
739101
739006
738078
737972
737696
737641
737449
737344
737087
736964
736604
736454
736271
735881
735687
735187
734796
734332
734042
733955
733811
733524
733193
732937
732849
732676
732165
731981
731587
731545
731240
730867
730786
730295
729785
729737
729388
729163
728494
728077
727941
727833
727723
727623
727542
727183
727144
726277
726155
725745
725676
725574
725190
725056
724822
724549
724327
724273
724013
723918
723547
723150
723045
722882
722843
722807
722696
722568
722456
722323
721644
720750
720693
720515
720099
719954
719820
719771
719377
719032
718928
718811
718801
718656
718630
718567
718528
718134
718125
717762
717665
717595
717193
717127
717093
717091
717038
716833
715701
715535
714702
713937
713917
713752
713745
713529
713431
713083
712990
712673
712042
711806
711804
711314
710679
710571
710552
710244
710070
709787
709683
709397
708854
708504
708299
708230
707855
707470
706572
706233
705941
705735
705689
705656
705269
704962
704808
704613
704587
704151
704098
703961
703578
703295
701451
701036
700684
700547
700328
700092
699964
699931
699856
699595
698953
698722
698389
698342
698235
697903
697787
697373
696925
696728
696481
696084
695810
695776
695205
694789
694504
694252
694026
693917
693407
693366
693247
693083
692792
692618
692576
692541
692353
692252
692027
691892
691461
691164
690812
690724
690654
690506
690350
690025
689840
689823
689271
688841
688536
688369
688186
687956
687766
687367
687172
686645
685359
685257
684780
684763
684759
684716
684710
684502
684350
684213
683539
683506
683317
682736
682692
682534
682155
681603
681412
681072
680900
680455
680223
680155
679844
679735
679357
679265
679234
678130
677970
677833
677645
677567
677419
677159
677014
676951
676349
676150
675885
675880
675679
675642
675611
675360
675174
675102
674371
673983
673321
673256
673241
673084
673074
672817
672641
672624
672526
672127
671454
671356
670936
670705
669829
669210
669032
668771
668660
668131
668129
668092
667422
667154
667112
666902
666124
666026
665577
665379
665337
664783
664397
663623
663320
663309
662905
662697
662491
662307
662214
661975
661942
661547
660802
660652
660434
660377
660349
660325
660148
659521
659431
659321
659287
658781
658559
658265
657936
657831
657404
657398
657170
656928
656554
656088
656081
655920
655515
655488
654965
654797
654795
654602
654551
653934
653496
653378
653281
653222
653195
653189
653037
652984
652702
651875
651780
651223
650799
650456
650076
649922
649770
649752
649387
649359
649149
648490
648410
648179
647750
647556
647389
647011
646625
646569
646107
644727
644499
644356
643840
643426
643398
643250
642894
642792
642625
642412
642221
641922
641852
641542
641500
641362
641223
641213
640763
640267
639707
639539
639391
639351
639297
639141
639098
638501
638464
638395
638179
637991
637841
637783
637318
637231
637037
636984
636737
635525
635478
635309
635189
635185
634386
634056
633735
633421
633143
633109
633050
632975
631826
631704
631599
631567
631466
631243
630530
630446
630232
629686
629670
629209
628743
628654
628612
628516
628037
627460
625941
625865
625818
625398
625276
625067
624160
624061
623608
623513
623415
622980
622690
622410
622383
622072
621977
621572
621215
621004
619996
619791
619631
619318
619057
618693
618365
617997
617748
617466
617444
617224
616412
616319
616031
615554
615548
615435
615064
614864
614834
614505
614096
613712
613371
612952
612890
612428
612367
612355
612237
612141
611727
611688
611239
610855
610375
610339
610094
610046
609806
609805
609766
609676
609021
608901
608437
608087
607785
607743
607710
607499
607016
606948
606678
606651
606372
606052
606033
606033
605961
605776
605347
605021
604033
603837
603549
603187
602827
602793
602483
602419
602152
601250
601198
600679
600662
600538
600221
600204
599814
599793
599706
599228
598535
598325
597905
597706
597603
597600
597541
597335
597332
596956
596595
595931
595839
595792
594957
594952
594568
594444
594312
594304
594047
593512
593395
593063
593052
592957
592849
592844
592812
592261
592011
591791
591737
591341
591267
591171
591100
590994
590795
590711
590470
589968
589944
589735
589606
589028
588990
588688
588596
588491
588348
588130
588092
587326
587245
587232
587169
586397
585921
585841
585828
585763
585201
585200
585167
585158
585086
584848
584751
584630
584289
584089
583679
583585
583345
583126
582412
582244
581850
581754
581472
581020
580973
580545
579610
578997
578696
578375
578087
577570
576898
576836
576631
576570
576357
576074
575875
575737
575674
575302
575190
575180
575101
575027
574842
574754
574476
574051
573895
573387
573311
573298
573192
573008
572953
571988
571657
570878
570557
570404
570175
570124
569984
569958
569749
569011
568899
568605
568565
568309
567043
566808
566797
566477
566458
566331
566293
565514
564934
564919
564897
564528
564344
564229
564207
564130
563777
563489
563444
563389
563054
562971
562857
562809
562709
562676
562625
562213
561937
561677
561642
560967
560725
560600
560184
560130
559971
559971
559686
559419
558897
558682
558149
557676
557573
557459
557248
557072
557017
556361
556196
556017
555895
555854
555715
555677
555647
555543
555361
554881
554264
554037
553988
553781
552934
552413
552293
552134
552101
551785
551417
551257
551154
551012
550866
550822
550595
550570
549889
549846
549622
549227
548974
548909
548559
548513
548451
548181
548107
547877
547848
547600
547410
547156
546869
546757
546660
546314
545994
545651
545476
545440
545303
544533
544335
544149
544016
543946
543923
543605
543118
542870
542810
542545
542395
542364
541919
541913
541828
541636
541302
540508
540419
540179
540013
539779
539710
539522
538964
537853
537444
536395
536123
536068
536026
535746
535584
535382
535336
534898
534505
533688
533673
533022
533018
532580
532574
532559
532428
532303
532247
532135
532120
531952
531842
531675
530839
530804
530765
530719
530102
529040
528850
528747
528387
528136
528091
527480
527278
527218
526991
526883
526779
526772
526264
525908
525867
525780
525681
525135
524856
524521
523855
523840
523670
523172
523038
522892
522413
522169
522129
522103
522075
522067
520022
519606
519559
519491
519389
519359
519242
519194
519041
518921
518558
518373
516539
516526
516463
516348
515863
515848
515403
515101
514283
514052
513927
513508
513502
513462
513387
513306
513271
512625
511777
511530
511455
511216
511017
510777
510053
509500
509141
508913
508762
508627
508432
507798
507391
507331
507067
506977
506929
506779
506515
505902
505545
505199
505162
505011
504565
504505
504283
504235
504152
504088
503965
503462
503148
503007
503002
502738
501946
501704
501574
501361
501103
500793
500711
500459
500126
499930
499477
499269
498974
498942
498861
498782
498660
498142
498032
497870
497677
497509
497410
497202
496950
496844
496519
495815
495511
495199
494389
494293
493746
493688
493668
493289
493222
493033
492280
492093
491881
491869
491772
491569
491184
490936
490851
490703
490598
490545
490446
490366
490366
490269
490231
490111
489940
489664
489168
489111
488978
488768
488541
488040
487961
487937
487496
487209
487191
486872
486416
486320
486249
486129
485917
485832
485582
484154
483823
483557
483456
483274
483036
482699
482241
481897
481730
481696
481378
481115
481073
481064
480704
480241
479843
479833
479689
479195
479042
478982
478724
478694
478116
477925
477650
477623
477555
477511
477119
476735
476672
476559
476226
476174
476153
475815
475146
474946
474558
474355
474350
474327
474132
473720
473436
473322
473184
472994
472705
472534
472302
472175
472171
472042
472021
471627
471476
471291
470473
470440
470214
470114
470105
470058
469911
469724
469702
469614
468953
468653
468430
468003
467575
467504
466922
466809
466615
466380
466100
465492
465439
465246
465172
465115
465034
464937
464627
463864
463565
463478
462906
462238
462140
461466
461196
461110
460994
460965
460787
460598
460502
460450
460308
459587
459531
459259
459134
458659
458239
457981
457956
457779
457674
457651
457384
457353
457268
457056
456341
456278
455836
455760
455225
454922
454835
454616
454564
454472
454401
454326
453655
453609
453599
453560
453404
453236
453133
452816
452717
452444
452210
451966
451698
451316
451245
451153
451105
451039
450939
450087
449960
449764
449494
449144
448757
448550
448083
448044
447632
447578
446941
446701
446393
446250
446118
445955
445299
445201
445115
444802
444548
444222
444079
444035
443963
443720
443625
443511
443176
442780
442397
441456
440763
440547
440459
439684
439579
439576
438921
438904
438742
438528
438410
438366
438148
438102
437418
436834
436794
436706
436583
436053
435776
434978
434318
433359
433329
433260
432727
432722
432630
432167
432167
432113
432070
432005
431856
431808
431051
430916
430833
430280
430099
430086
430079
430072
429944
429804
429800
429746
429484
429165
429162
429048
428827
428758
428234
428133
427684
427457
427423
427379
427303
426948
426721
426669
426567
426253
425720
425424
425100
423959
423671
423420
423364
423142
422589
422244
421959
421924
421798
421596
421418
421401
421388
421085
420898
420322
419949
419935
419907
418928
418894
418764
418757
418618
418496
418137
418097
417959
417956
417689
417463
417248
417067
417020
416829
416698
416441
416278
416157
416080
416002
415846
415589
415522
415301
414900
414694
414640
414412
414296
414249
414125
413711
413689
413559
413201
413153
413100
412977
412271
411980
411561
411500
411202
410820
410700
410415
410278
410266
409908
409773
409772
409692
409473
409427
408980
407767
407653
407398
407174
406464
406266
406195
406006
405737
405269
404939
404776
404774
404770
404709
404559
404505
404407
404253
404186
404113
403915
403744
403269
403208
403105
402894
402870
402692
402588
402346
402229
401970
401962
401728
401510
401057
400963
400785
400551
399576
399549
398917
398892
398646
398451
398413
397938
397916
397448
397426
396672
396467
396464
396371
396313
396272
395799
395737
395280
395172
395079
395073
395068
394876
394836
394599
394482
393419
393373
393033
392232
392096
392059
391559
391409
391377
391246
391105
390974
390416
390222
390118
390060
389811
389694
388742
388657
387876
387845
387819
387798
387389
387276
386708
386694
386375
385995
385869
385281
384835
384740
384701
384600
384502
384462
383807
383150
383007
382938
382775
382704
382257
382227
382044
381636
381577
381321
381194
381193
381131
380966
380923
380855
380818
380764
380377
380375
379093
378573
378294
377897
377768
377211
377194
376815
376464
376112
376056
375852
375039
374732
373702
373618
372623
371905
371884
371448
371421
370785
370736
370636
370395
370122
369669
369458
369126
369015
368850
368590
368518
368334
367174
367111
366857
366492
366485
366479
366351
366045
365151
364672
364506
364391
364018
363751
363259
362845
362587
362177
362038
362003
361821
361699
361676
361423
361354
361272
360984
360952
360708
360685
360577
360543
360441
360410
360142
359992
359780
359671
359609
359398
359260
359241
359066
358864
358600
358437
358137
358081
358065
357420
356217
356055
355983
355149
354560
354459
353749
353358
353222
352975
352548
352522
351815
351291
351207
350760
350328
349670
349271
349195
348973
348877
348267
347721
347503
347280
347198
347077
346490
346449
346156
346032
345689
345517
345488
345388
345084
344815
344699
344377
344286
343824
343758
343681
343346
342784
342707
342239
341908
341863
341217
340645
340580
340495
339863
339470
339443
339418
338321
337848
337618
337431
337124
337098
336113
335825
335615
335383
335168
335016
333859
333234
333160
333069
332659
332547
332084
332006
331739
331306
331260
331119
330849
330683
330615
330604
329618
329476
328839
328447
327995
327947
327799
327794
327435
327306
326304
326188
326171
326167
325386
325356
325294
324964
323935
323849
323715
323628
323626
323363
322945
322944
322930
322738
322183
321762
321591
321482
321255
320941
320872
320822
320581
320504
320357
320329
320269
320255
319995
319788
319642
319309
319273
319123
318917
318768
318654
318503
317421
317036
316917
316624
316577
316244
316014
315985
315900
315833
315449
315234
315007
314721
314544
314507
314436
314309
313825
313742
312641
312540
312258
312182
312058
312034
311731
311542
311145
311112
311026
310876
310833
310290
310275
310268
310128
310116
309235
309231
309026
309020
308146
308059
308023
307889
307548
307202
307019
306665
306632
306172
306158
306096
306047
305977
305789
305597
305531
305454
305407
304845
304810
304135
304084
303497
303397
303086
303049
302850
302804
302472
301791
301783
301540
301488
301403
300948
300526
299974
299924
299720
299470
299281
299124
299099
298666
298398
298387
298301
298243
297975
297778
296655
296282
295819
295340
295258
295235
295026
294562
294430
293993
293985
293648
293636
293533
293349
292638
292611
292327
292255
291646
291575
291567
291552
291233
290950
290914
290719
290653
290594
290565
290211
289279
288408
288307
287851
287851
287499
287055
286808
286649
286633
286112
285963
285678
285444
285244
285132
284978
284955
284738
284676
284578
284540
284438
284162
283716
282983
282961
282785
282541
282495
281851
281770
281235
281163
280097
279918
279541
279462
279261
279221
278926
278661
278316
278245
277555
277330
276562
276299
276221
275929
274910
274157
273833
273413
273354
273321
272955
272556
272342
272230
272053
271678
270921
270775
270525
270455
270308
270043
270032
269926
269762
269322
268127
268069
268059
267758
267085
267001
266878
266755
266665
266491
266150
265868
265829
265738
265425
264555
264145
263953
263426
263196
263156
263140
262947
262759
262279
261694
261608
261444
261413
261084
260605
260458
260414
259868
258747
258406
258202
258173
258014
258010
257997
257529
257372
257217
257106
256996
256625
256145
255942
255092
254861
254571
254473
254369
254262
254209
253508
253295
253217
251930
251910
251722
251530
251118
250749
250142
249777
248358
247858
247738
247608
247326
247289
246743
246633
245978
245677
245617
245423
245082
244820
244386
243919
243101
242794
242641
242577
242577
242496
242359
241893
241370
240842
240361
240335
240333
240240
240176
240149
239984
239862
239518
239455
239411
239095
238985
238592
238211
237945
237776
237693
237678
237170
237035
236682
236533
236529
236514
236406
236373
236113
236077
235938
235691
235332
235082
235068
234829
234168
234053
233715
233589
232574
232458
231991
231904
231482
231369
231065
230951
230889
230687
229979
229620
229524
229334
228978
228933
228802
228714
228591
228573
228406
228140
228055
227397
227260
227190
227153
226942
226732
226593
226448
226401
225439
225346
224871
224307
223876
223819
223587
222544
222371
222284
222104
221969
221900
221796
221695
221565
221551
221344
221301
221298
221205
221023
220751
220666
220398
220364
220210
220114
220105
219973
219933
219906
219680
219533
219442
219409
218871
218847
218807
218681
218529
217843
217683
217445
216229
215801
215634
215560
214918
214777
214457
214276
213955
213949
213530
213527
213526
213281
212159
212056
211334
211126
210743
210738
210445
210346
210023
209684
209575
209180
209011
208090
207680
207595
207580
207577
207284
207171
207073
206917
206835
205630
205614
205600
205361
205219
204891
204751
204671
204597
204512
203914
203289
203229
203039
202673
202502
202412
201492
201472
201318
200795
200670
200529
199998
199762
199520
199483
198886
198168
198113
197671
197211
196998
196939
196612
196409
196098
195935
195836
195623
195555
195310
195295
194929
194821
194759
194514
194137
194044
193978
193467
192969
192882
192408
192377
192277
191894
191206
191109
190407
190100
189634
189247
189202
188842
188737
188655
188589
187873
187285
186794
186378
185929
185869
185842
185684
184746
184479
184412
184347
183772
183705
183244
183168
182709
182229
181648
181594
181442
181410
180562
180557
180388
180248
179924
179888
179829
179793
179681
179623
179497
179148
178578
178560
178485
178271
178261
178258
177859
177295
176981
176957
176576
176127
175799
175557
175386
175368
174836
174583
174094
174078
173734
173724
173544
173229
172383
172250
171968
171680
171091
170762
170699
170637
170382
170062
169691
169638
169544
169476
169428
169375
169079
168269
168173
168018
167939
167884
167571
167530
166820
166590
166309
166008
165863
165723
165378
164949
164949
164809
164600
164310
163999
163905
163762
163714
163639
163531
163520
163516
162889
162825
162754
162514
162026
161703
161317
161003
159951
159931
159842
159728
159442
159340
159216
158902
158826
158775
158700
158661
158369
157909
157907
157673
157637
157367
156566
156063
155981
155941
155870
155816
155629
155562
155416
155228
155088
155013
154996
154658
154445
154110
154099
153459
152720
152415
152327
152165
151902
151802
151698
151389
151086
150990
150152
149425
149267
149170
148367
148279
148119
148041
147663
147377
147319
147313
147020
146643
146442
146391
146311
146049
145916
145387
144925
144826
144177
143532
143524
142607
142561
142528
142044
141952
141948
141762
141699
141359
141173
140594
140550
140220
140164
140027
139590
139559
139318
139287
138777
138225
138159
138036
138000
137644
137545
137285
136695
136418
136210
134899
134749
134546
134332
134169
133942
132527
131904
131899
131699
131668
131382
131269
131027
130837
130785
130019
130014
129965
129935
129692
129324
129060
129049
128963
128456
128403
128265
128150
127969
127772
127254
127074
126828
126737
126728
126370
126114
125666
125417
125262
125065
124988
124753
124443
124331
123832
123538
123494
123064
122878
122868
122650
122009
121905
121380
121135
120756
120529
120258
120169
119691
119663
119565
119047
118602
118511
118483
118411
118367
118015
117868
117648
117262
117093
117043
116973
116285
116017
115920
115889
115880
115796
115739
115663
115332
115279
114704
114505
113323
113257
112773
112632
112345
112330
112097
112071
111806
111801
111716
111534
111297
110692
110587
110489
110446
110364
110337
110295
109716
109598
109565
109412
109081
108326
107946
107726
107493
107405
107365
107140
106817
106784
106605
106479
106249
106172
105998
105810
105637
105422
105332
105098
104902
104838
104579
104559
104112
102813
102339
102286
102182
102133
101977
101869
101809
101639
101377
101128
101061
100906
100585
100057
99916
99743
99479
99430
99380
99255
98604
98417
97929
97923
97872
97852
97839
97697
97501
97254
96885
96704
96700
96306
96272
95831
95737
95520
94885
94822
94720
94623
93767
93419
93061
92808
91863
91846
91841
91524
91001
90896
90877
90816
90326
90207
90082
89911
89824
89576
89507
89490
89435
89277
88925
88914
88843
88630
88008
87868
87693
86544
86324
86133
86064
85894
85836
85814
85657
85616
85297
84153
83712
83620
83072
82378
82160
81866
81080
81009
80900
80893
80666
80647
80477
80475
79912
79895
79891
79767
79735
79687
78969
78653
78572
78467
78215
78082
77819
77522
77354
77335
77199
76944
76346
76230
76151
75850
75695
75485
75443
75353
74885
74812
74357
74001
74000
73508
73351
73206
72890
72554
72076
71917
71443
70901
70570
70525
70376
70257
69680
69586
69207
68922
68558
68350
68016
67881
67815
67689
67473
67413
67074
66676
66639
66623
65859
65703
65563
65178
64409
64300
64080
64026
63699
63078
62708
62624
62554
62526
62365
62281
62206
62182
61616
61160
61155
60712
60475
60217
60200
60114
60023
59806
59683
59628
59212
59120
58589
58501
58487
57704
57513
57390
57259
56655
56552
56465
56282
56221
55304
55239
54814
54215
54198
54140
53908
53485
53365
53155
53011
52739
52598
52123
51699
51203
50442
50223
50199
49934
49702
49560
49136
48575
48200
47774
47747
47736
47714
47677
47600
47560
47476
47133
47029
46789
46663
46083
46049
45954
45754
45696
45653
45389
44932
44467
44320
44260
43822
43326
43206
43083
42760
42668
42193
41918
41881
41866
41789
41723
41686
41372
41158
40526
40369
39935
39860
39582
39098
38525
37976
37729
37702
37482
37434
37324
37193
36942
36932
36932
36918
36871
36569
36413
36191
35533
35310
34948
34345
34001
33993
33860
33212
32963
32762
32737
32624
32574
32105
32015
31837
31631
31249
31044
30881
30824
30788
30639
30637
30397
30305
30213
30179
30084
30080
29915
29435
29183
28857
28649
28256
28185
27899
27804
27613
27437
26996
26797
26394
26150
25818
25665
25569
25165
25002
24903
24812
24790
23775
23654
23269
22914
22417
22232
22041
21569
21297
20812
20344
20228
18991
18776
18112
17866
17097
16938
16803
16512
16478
16265
15996
15832
15622
15553
15542
15499
15221
14940
14928
14915
14280
14239
14229
14046
14020
13885
13880
13759
13665
13488
13283
13229
12860
12553
12268
12119
11809
11686
11306
11038
10974
10964
10775
10689
10561
10041
9475
9240
9205
9091
8879
8563
8340
8218
7500
7202
6965
6743
6713
6552
6535
6424
6236
5766
5099
5087
5014
4928
4866
4811
4417
4296
4088
4056
3828
3790
3316
3177
3161
2068
1767
1027
980
977
790
653
224
103
23
