998506
997332
995817
994617
993771
993025
992677
990984
989679
986572
986261
985750
980941
980833
979343
973861
973546
973468
972332
970310
965895
965424
965158
964376
961500
959981
959677
959120
958363
958221
957212
951903
950381
950222
949576
949296
948957
941384
941069
939969
939783
939074
937965
935707
935089
934119
933775
932893
932640
932416
931213
930790
930082
929580
928882
928653
928495
928340
928190
927459
926580
926150
924999
922957
921845
920832
920402
920104
919887
917357
916559
916468
914285
914240
912557
911840
911539
910772
909919
907863
907258
906923
906065
904511
904318
903786
903027
899451
898157
898157
897088
896330
895132
892963
892915
890245
890236
889039
888655
888579
888337
886398
885418
884354
884036
883692
879620
878433
878259
878171
877768
874374
873495
873271
872964
872579
872003
871326
869934
867085
866419
866191
865802
865576
865444
864703
863795
863510
862553
860843
860488
858214
857811
857609
856892
856829
855859
855521
855276
854656
853723
852463
851885
851703
851309
851293
848438
848017
847300
847242
847148
846112
846001
845058
845030
839940
838937
838856
838369
836506
835848
834060
833182
831556
829373
828917
828712
826285
826273
824043
823896
823315
822552
821320
821120
820790
818453
816792
816773
816354
815788
814590
813597
813172
812711
812151
811890
809922
808909
807179
803335
803092
802864
802719
801726
799549
799461
798726
797647
797488
796908
796159
795589
794766
793998
793675
792762
792229
792160
792040
791672
791623
790661
789778
789127
787552
782512
782069
781959
781292
781006
780848
778842
777851
775097
774898
774026
772345
770881
768927
767564
766356
764185
764126
763153
762667
762335
761388
757363
756677
754776
752082
750806
748076
747094
746678
746445
745654
745249
745068
745002
741105
740131
739009
737138
735249
733804
732708
732597
731570
731244
731107
731106
729862
729403
728296
727544
727473
727415
727305
726738
726629
726139
726105
725393
725379
725301
724072
723110
722653
721050
720922
720878
718052
717621
717099
716848
715964
715943
713481
713212
712725
711537
711179
708381
708143
707436
706009
705227
704798
704659
704340
703897
703849
703696
703490
703458
702729
702213
700868
700034
700026
699411
699259
699145
699104
699100
698890
698342
697376
696205
695582
695280
695161
693302
691711
691529
689633
689611
689504
689236
688505
688502
686527
685404
684281
683496
683403
682062
680793
675361
674736
673877
673698
673653
673253
671951
671249
670930
668473
668140
667362
666525
666243
665881
664105
663044
662364
660064
659838
659196
658761
657764
655481
654218
653815
653737
653690
653039
651509
651049
650873
650314
650208
649649
647827
647163
646277
645241
643843
643113
640897
638479
638473
638178
635315
634513
634268
632601
629733
629638
628936
628741
628541
628166
627605
627442
627225
627219
625458
624964
624808
624656
623797
622887
622301
622058
621699
621522
620291
620175
618010
617747
616265
615564
615183
613529
612461
611535
611270
607442
607431
606379
605324
604988
604569
603847
602668
602375
600476
600018
599957
599893
598977
597806
597772
597737
597625
597179
596927
596470
594937
592205
591372
590698
590680
589766
587333
586470
585764
585708
582785
581863
579250
579240
578102
576678
576365
576223
575427
575076
571596
567481
567451
567421
567326
565949
565545
564555
560201
560037
559899
558676
558508
556658
555742
555731
554963
552903
549456
549291
548441
548202
547593
547152
546286
546261
544653
544242
543109
542036
540806
538182
535835
534541
532371
532093
530173
528061
526935
526912
524597
523958
522014
520914
519861
519280
518708
516319
516144
514641
513190
510798
508563
506130
506081
504498
503683
501186
500369
500157
498451
497316
497017
496777
496504
496324
494837
493267
490970
488191
487491
487204
486859
486506
485622
485552
485450
484326
484004
483671
482322
481369
480457
478225
476169
475718
474671
473775
472487
472181
471578
470779
470651
468912
466996
466758
466272
463074
461044
459769
459042
457819
456033
454424
452185
447520
447116
446373
445470
444853
444813
444352
444263
442748
442057
441802
440941
440444
439323
438146
436162
434778
434446
433563
432106
431180
431082
430825
430724
430217
430112
428315
426973
424536
423464
423450
423086
422973
421696
421067
420161
418273
417746
417420
416963
415641
414579
413218
412021
410444
410405
408207
407739
402026
401291
400502
398775
398334
396231
395752
395286
392183
390768
390249
389930
389095
387807
385549
384669
382443
381231
378344
378254
378229
376822
376347
375767
375205
374560
374115
370280
368809
367482
367215
366893
366457
366290
364333
363926
362470
362412
359767
359759
359208
358628
354407
354270
350064
349572
348919
348559
348445
348210
347538
347018
345885
345137
344143
343293
340815
340693
338094
337793
337603
337104
336894
336755
336074
335961
333574
331978
331772
331627
331369
331359
329605
329142
329122
328667
327104
325845
325460
324780
324040
323067
321488
320915
320811
319511
319012
318316
318147
318114
317854
315887
314303
313256
312940
312282
310909
310875
309929
309822
309183
307770
305802
303306
302651
301536
300337
299641
298744
297532
295633
295577
295221
294242
293488
292343
291776
291250
289443
288285
287915
286294
281675
281504
281016
280283
279714
278076
277060
276914
274555
273976
272805
266329
265521
264554
264142
263769
263424
262610
260208
259410
257741
257683
257659
255307
255135
254836
254691
253389
252730
252497
251388
250077
249770
245725
245443
243427
243249
242713
242273
240871
240826
240822
240621
238961
238724
238436
235140
234995
234537
233238
231361
231093
230906
229566
228437
228228
225095
224268
223988
222720
218176
217049
216903
216827
216038
215297
212972
209109
208687
207816
204922
202139
201940
199762
199597
199074
197995
193872
193871
193137
192569
191383
188906
188617
186023
184364
184323
181972
181724
181438
179867
179160
177725
173495
171952
171563
170471
170459
170324
170312
169326
169147
169010
168446
167396
167388
166532
166025
165029
162380
162234
161491
160981
160818
160622
160019
159352
158987
158853
158512
158275
158101
157905
157138
156301
155137
154299
152257
151806
151195
150075
149937
147308
142751
142397
142306
141382
138560
136800
134119
131994
131258
131155
131020
130663
130520
129549
128829
128302
127579
127404
126810
123798
122046
120817
118708
118085
117162
116183
115739
113232
112298
110059
108991
107892
107068
106256
105544
105443
105320
103410
102163
100854
100047
99667
98954
98874
97102
95591
94054
92525
92350
87566
87168
87134
87097
86445
85503
84830
84203
81279
78398
77811
77540
73570
73301
70831
69764
69259
68894
66121
64986
64186
63983
58868
58752
58158
57972
57840
57457
57315
55490
55410
54961
54606
53858
51235
49675
48256
46680
45707
44782
44733
42282
39270
38557
37072
36820
34940
34546
32250
30030
30017
29553
29108
26466
25802
25128
25050
22968
22171
21302
19277
19066
17789
17717
16652
16106
16104
15987
15152
14965
14334
14286
13112
12782
12174
9757
9320
9052
8519
7864
7831
5723
