999950
999857
999826
999810
999639
999605
999435
999301
999265
999163
999118
999092
999062
998835
998586
998497
998465
998451
998241
998176
997709
997636
997497
997358
997300
997164
997131
996843
996647
996546
996453
996294
996125
996117
996018
995994
995608
995600
995362
995337
995224
995200
995187
995124
995108
994864
994742
994451
994278
994079
994066
994062
994016
993922
993818
993807
993782
993759
993745
993593
993448
993388
993241
993187
993169
993081
993079
993031
992890
992840
992783
992406
992338
992322
992161
992059
991812
991528
991371
991316
991220
991214
991194
991159
990988
990898
990814
990356
990231
990192
990119
989998
989811
989495
989393
988891
988685
988361
988340
988226
987624
987621
987581
987550
987480
987451
987418
987384
987374
987368
987327
987053
986822
986786
986686
986652
986589
986499
986446
986386
986253
986224
986188
986047
985804
985267
985143
984977
984930
984795
984678
984635
984622
984539
984406
984400
984076
984005
983812
983737
983593
983517
983512
983334
982957
982900
982587
982549
982417
982397
982330
982192
981784
981282
980884
980838
980767
980741
980652
980507
980485
980474
980369
980301
980084
980023
980013
979888
979793
979405
979171
978988
978958
978905
978853
978647
978573
978538
978211
978182
977760
977649
977636
977497
977431
977224
976923
976674
976664
976249
976202
976053
975910
975777
975599
975298
974887
974600
974539
974511
974433
974317
974227
974113
974086
974005
973692
973668
973621
973597
973569
973483
973380
973380
973371
973273
973236
973066
972977
972919
972864
972804
972757
972631
972455
972225
972096
971623
971467
971407
970837
970753
970682
970619
970324
970081
970072
969910
969809
969792
969508
969368
969308
969196
968978
968820
968700
968330
968117
968062
967934
967757
967747
967747
967740
967703
967689
967609
967552
967366
967230
966942
966836
966789
966710
966694
966591
966449
966410
966388
966258
965977
965928
965750
965596
965572
965501
965419
965220
965114
964877
964617
964517
964465
964388
964209
964160
963996
963904
963894
963802
963699
963694
963665
963323
963288
963168
963107
962999
962839
962800
962738
962725
962680
962542
962515
962466
962462
961943
961940
961789
961649
961429
961356
961277
961261
961146
961094
961034
960883
960777
960737
960508
960436
960362
960254
960049
959925
959701
959684
959058
958996
958934
958629
958449
958352
958324
958310
958244
958180
958178
957964
957960
957873
957828
957571
957549
957416
957262
957160
957160
956809
956737
956518
956437
956426
956417
956407
956168
955963
955866
955855
955624
955556
955148
955058
954822
954688
954485
954411
954176
954175
954095
953599
953496
953488
953444
953409
953332
953330
953122
953119
952560
952548
952496
951959
951854
951766
951677
951119
951061
950820
950656
950555
950265
950262
950178
950160
950110
949854
949839
949577
949465
949137
949122
948777
948554
948536
948532
948513
948471
948204
948001
947956
947909
947312
947287
947254
947246
947216
947073
946768
946750
946513
946450
945741
945714
945365
945275
945083
944980
944909
944852
944664
944498
944480
944417
944314
944196
944143
943889
943853
943814
943615
943162
943002
942760
942682
942608
942559
942378
942243
942216
941963
941822
941777
941774
941695
941645
941520
941513
941365
941116
940565
940267
940216
940143
939616
939518
939398
939375
939367
939323
939321
939120
938758
938753
938479
938062
938023
937950
937810
937789
937751
937579
937555
937531
937523
937025
936988
936944
936928
936623
936622
936588
936574
936560
936117
936113
935902
935877
935801
935766
935475
935420
935342
935314
935275
934935
934866
934843
934772
934569
933999
933954
933725
933573
933527
933479
933469
933399
933368
933259
933174
933061
932936
932850
932554
932419
932362
932345
932024
932009
931864
931739
931385
931200
931191
930820
930809
930776
930544
930341
930278
930175
930019
929909
929895
929887
929851
929819
929743
929610
929544
929527
929426
929354
929309
929276
929077
928974
928936
928536
927998
927985
927869
927832
927821
927232
927209
927184
926892
926616
926206
925928
925722
925660
925522
925339
925114
924868
924471
924418
924232
924025
923935
923423
923082
922874
922638
922499
922394
922386
921892
921885
921429
921291
921182
921169
921010
920970
920845
920825
920746
920701
920651
920614
920274
920050
920030
919944
919923
919919
919719
919677
919543
919494
919453
919385
919108
919098
919093
918867
918598
918474
918404
918398
918277
918228
918098
917948
917623
917617
917317
916779
916636
916623
916438
916033
915439
915340
915206
915146
915084
914669
914514
914443
914162
914098
913974
913963
913579
913489
913457
913457
913455
913412
913390
913240
913102
913099
913062
912960
912781
912722
912587
912108
912007
911855
911507
911385
911246
911188
911178
911047
910905
910889
910809
910671
910569
910546
910276
910014
909811
909466
909164
909144
908958
908835
908661
908658
908499
908386
908155
907971
907934
907763
907554
907443
907416
907329
907212
907161
906705
906594
906503
906263
906223
906082
906082
906027
906012
905716
905678
905644
905506
905505
905439
905409
905397
905185
905168
905062
905029
904912
904877
904768
904714
904707
904688
904557
904502
904417
904173
903805
903597
903568
903539
903349
903281
903165
902715
902545
902414
902296
902011
901642
901430
901324
901076
901051
900984
900900
900769
900579
900496
900493
900433
900374
900263
900253
899945
899924
899618
899557
899514
899466
899100
899085
899050
898996
898715
898440
898379
898277
898238
898164
897928
897658
897266
897182
896988
896870
896715
896638
896626
896487
896479
896456
896273
896269
896268
896008
895934
895836
895807
895748
895670
895591
895359
895026
895024
894845
894781
894478
894363
894232
894163
894047
894011
893929
893796
893690
893550
893527
893259
893196
893114
893107
893012
892623
892372
892340
892273
892266
892198
892167
892016
892006
891950
891913
891384
891323
891122
890426
890404
890190
890187
889902
889805
889674
889666
889593
889494
889416
889296
889069
888940
888687
888597
888570
888451
888429
888195
888171
888110
888042
887833
887799
887507
887443
887377
887374
887370
887241
886773
886693
886691
886642
886565
886312
886242
886162
885949
885601
885542
885520
885001
884785
884364
884254
884251
884230
884174
883907
883886
883757
883522
883361
883221
883178
883066
882942
882441
882333
882322
882217
881986
881911
881863
881721
881615
881598
881502
881341
880771
880651
880574
880538
880461
880245
880073
879737
879719
879674
879663
879532
879514
879459
879328
879315
879193
879098
879073
878979
878768
878534
878401
878297
878248
878156
878016
877985
877984
877897
877880
877876
877870
877851
877785
877331
877183
877178
877122
877113
877020
877000
876902
876827
876764
876719
876615
876503
876157
875772
875666
875528
875435
875348
875226
875158
874900
874859
874849
874801
874760
874682
874596
874558
874455
874333
874300
873878
873733
873667
873491
873229
873221
872923
872902
872697
872072
871833
871673
871603
871408
871388
871319
871200
871082
870977
870824
870781
870714
870613
870297
870186
870179
869687
869523
869514
869390
869349
869300
869293
869266
869207
869149
869076
869033
869015
868914
868786
868742
868641
868523
868372
868263
868208
868090
868051
867969
867583
867326
867138
867061
866672
866630
866443
866287
866251
866149
866083
865984
865807
865806
865799
865570
865525
865329
865254
865237
865225
865223
865195
865171
865009
864952
864950
864831
864747
864592
864437
864135
864035
864027
863960
863839
863792
863784
863753
863636
863437
863400
863386
863322
863299
863117
863094
862664
862625
862621
862495
862345
862005
861997
861899
861833
861524
861412
861313
861145
861105
861025
860956
860887
860675
860634
860579
860483
860327
860296
860108
859928
859883
859827
859501
859183
858782
858542
858422
858185
857894
857881
857701
857633
857629
857435
857342
856915
856849
856828
856687
856601
856406
856384
856359
856315
856300
856284
856202
855739
855718
855669
855414
855271
855268
855210
854956
854927
854843
854840
854794
854734
854301
854249
854184
854068
853551
853413
853376
853329
853210
853105
852921
852555
852445
852381
852298
852242
852134
851985
851959
851696
851530
851143
851024
850915
850887
850820
850753
850715
850568
850554
850492
850489
850461
850311
850236
850228
850215
850133
850120
849896
849823
849616
849570
849477
849412
849380
849347
849292
849231
849155
848992
848828
848561
848508
848304
848208
848134
847692
847282
847188
846868
846701
846105
845916
845884
845884
845737
845629
845617
845607
845019
844935
844854
844793
844408
844373
844336
844304
843927
843898
843894
843845
843554
843439
843388
843325
842983
842982
842967
842751
842701
842647
842355
842349
842276
842065
842037
842024
841947
841766
841536
841462
841394
841352
841233
841174
841161
840955
840865
840735
840638
840239
840177
840005
839918
839905
839784
839684
839675
839463
839432
839358
839118
839030
838846
838743
838657
838626
838406
838369
838355
838343
838296
837941
837915
837741
837730
837600
837535
837170
837140
836956
836729
836718
836509
836411
836294
836207
836175
836022
836013
835961
835900
835748
835701
835301
835297
835211
835021
834977
834585
834483
834288
834255
834233
834217
834148
833905
833688
833594
833463
833446
833426
833372
833184
833017
833012
832996
832711
832563
832276
832013
831915
831901
831719
831654
831612
831483
831341
831269
831240
831169
831162
831143
831097
830847
830660
830111
829928
829902
829760
829675
829668
829636
829555
829323
829173
828921
828915
828697
828614
828557
828489
828323
827693
827673
827534
827521
827485
827240
827009
826985
826913
826852
826746
826741
826736
826711
826689
826560
826497
826481
826427
826362
826291
826205
826201
826157
826077
825453
825428
825230
825180
825160
825044
824972
824955
824885
824805
824780
824590
824486
824467
824439
824431
824387
824345
824125
824049
824006
823978
823830
823776
823741
823582
823424
823333
823242
823198
822944
822887
822791
822731
822550
822534
822518
822453
822399
822246
822194
821646
821405
821373
820862
820786
820785
820784
820725
820464
820090
819960
819829
819746
819707
819616
819559
819488
819402
819324
819318
819283
819132
818984
818845
818497
818495
818454
818397
818338
818244
818174
818149
818138
817570
817451
817255
817234
816852
816744
816724
816284
816098
815899
815881
815653
815640
815580
815431
815404
815340
815291
815209
815191
815085
815020
814741
814512
814403
814324
814295
814214
814194
814108
813905
813813
813683
813667
813614
813582
813454
813376
813281
813231
813181
812993
812712
812644
812503
812474
812403
812173
811939
811861
811820
811773
811667
811605
811352
811132
810966
810884
810718
810646
810353
810305
810229
810168
810154
810095
809940
809883
809514
809314
809268
809149
809104
808962
808293
808087
808056
808007
807971
807634
807403
807368
807303
807180
807085
806998
806950
806938
806870
806863
806844
806432
806225
806190
805703
805529
805417
805328
805157
805116
804929
804823
804702
804562
804498
804471
804058
804031
804024
803882
803427
803385
803352
803347
803290
803228
803075
802962
802675
802603
802486
802430
802321
802226
802065
801995
801932
801838
801732
801704
801675
801638
801302
801240
801193
800818
800633
800603
800483
800271
800147
800119
799944
799807
799783
799367
799192
799091
798850
798814
798663
798384
798258
798209
797789
797652
797648
797302
797266
797204
797148
797051
797047
797035
796825
796572
796360
796231
796112
795792
795661
795594
795552
795494
795378
795352
795284
795031
795008
794673
794588
794198
794178
794134
794042
793811
793706
793575
793146
793110
793064
793032
793026
793015
792872
792651
792171
791953
791802
791774
791624
791285
791229
791053
791018
791012
790870
790808
790589
790382
790016
789757
789743
789602
789206
789153
789013
788953
788690
788503
788392
788225
788053
788015
787975
787773
787634
787595
787528
787502
787404
787403
787373
786978
786847
786684
786675
786436
786261
786142
786140
786082
785840
785839
785828
785665
785657
785628
785400
785205
784716
784686
784657
784645
784193
784133
784025
783974
783806
783782
783643
783624
783542
783452
783029
782878
782708
782351
781758
781752
781569
781509
781119
781117
780979
780963
780907
780870
780749
779984
779920
779908
779781
779651
779447
779238
779068
778903
778883
778819
778810
778807
778701
778634
778344
778027
777597
777516
777135
776774
776665
776663
776648
776513
776485
776383
776007
775932
775858
775435
775320
775316
775230
775150
774937
774932
774848
774302
774301
774152
774067
773668
773382
773346
773240
772939
772843
772783
772592
772473
772276
772035
771972
771939
771778
771731
771627
771546
771443
771400
771324
771294
771276
771167
771140
771105
770815
770806
770691
770489
770398
770352
770041
769907
769752
769733
769692
769620
769601
769519
769437
769376
769296
769107
768957
768786
768784
768589
768292
768273
768250
768207
768195
768183
767897
767751
767553
767462
767365
767241
766885
765939
765890
765881
765760
765627
765555
765533
765444
765397
765311
765236
765166
765155
765098
764948
764849
764671
764578
764535
764526
764506
764469
763949
763948
763898
763697
763694
763599
763191
763042
763035
763002
762824
762702
762589
762435
762415
762392
762370
762340
762109
762078
762051
761662
761555
761383
761275
761120
761004
760941
760776
760697
760432
760350
760252
760156
759802
759446
759394
759332
759177
758884
758815
758699
758646
758504
758270
758265
758140
758099
757697
757637
757510
757453
757381
757336
757244
757227
757187
756884
756825
756593
756519
756331
756271
756251
755966
755892
755821
755818
755747
755615
755580
755211
755164
755162
755065
754969
754963
754955
754833
754812
754743
754591
754555
754272
754179
754101
753995
753686
753566
753366
753215
752742
752643
752576
752487
752475
752426
752402
752402
752167
752094
751885
751110
751097
750919
750823
750766
750692
750638
750514
750422
750239
749991
749945
749898
749609
749313
748892
748734
748656
748557
748349
748235
747946
747913
747816
747681
747531
747527
747517
747196
747184
746849
746526
746096
746022
745971
745835
745567
745278
745230
745054
744933
744587
744509
744357
744350
744287
744277
744178
744043
743729
743680
743367
743352
743234
743058
742984
742918
742658
742539
742483
742375
742317
742053
741965
741581
741413
740828
740792
740574
740554
740323
739898
739861
739776
739745
739704
739678
739611
739306
738815
738758
738702
738394
738225
738185
738146
738131
738076
737933
737794
737786
737719
737713
737335
737248
737187
737165
737137
736971
736969
736752
736660
736487
736419
736406
736161
736060
735961
735810
735649
735485
735350
735339
735187
735113
734897
734634
734562
734555
734481
734342
734341
734222
734220
734086
734075
733963
733822
733730
733608
733600
733453
733445
733187
733156
732964
732918
732909
732882
732843
732586
732335
732200
731832
731716
731607
731520
731304
730996
730864
730828
730743
730711
730295
729948
729882
729675
729665
729657
729617
729489
729354
729237
729176
729085
729041
728825
728703
728648
728437
728387
728293
728129
727927
727622
727595
727510
727434
727204
727009
726865
726836
726781
726479
726430
726398
726377
726243
726168
726101
726036
725843
725783
725750
725707
725654
725573
725542
725541
725315
725269
725236
725234
725133
724975
724908
724704
724496
724465
724390
724341
724275
723918
723586
723576
723379
723179
723149
723091
722995
722989
722800
722632
722592
722483
722420
722364
722019
721829
721809
721803
721690
721537
721404
721268
720981
720828
720708
720547
720126
720058
720056
719916
719724
719514
719396
719248
719223
719170
718974
718971
718933
718894
718816
718617
718588
718290
718175
717992
717942
717921
717777
717707
717656
717608
717543
717370
717021
716767
716727
716521
716239
716021
715942
715844
715742
715729
715563
715490
715223
715174
715109
714966
714952
714905
714854
714795
714664
714645
714480
714344
714305
714266
713993
713969
713893
713874
713830
713783
713768
713669
713600
713566
713499
713370
713084
713030
713011
712950
712945
712924
712825
712761
712628
712577
712446
712434
712317
712137
712062
711948
711809
711620
711519
711283
711213
711188
711126
711092
711057
710714
709763
709762
709701
709695
709476
708727
708588
708387
708302
708189
707697
707617
707433
707427
707360
707267
707147
706633
706617
706588
706582
706425
706310
706186
705914
705803
705748
705601
705525
705464
705340
705097
705037
704955
704901
704876
704729
704562
704431
704155
704084
704064
703891
703710
703626
703568
703388
703386
703191
703178
703118
703050
703042
702920
702882
702727
702683
702483
702360
702042
701896
701332
701025
700584
700569
700342
700275
700171
700143
699829
699796
699640
699580
699412
699341
699018
699014
698885
698519
698493
698485
698480
698156
697915
697802
697511
697442
697409
697407
696895
696432
696252
696234
696155
695830
695687
695603
695591
695571
695423
695302
695261
695148
695132
694967
694957
694688
694661
694655
694644
694620
694527
694452
694319
694238
693980
693734
693615
693444
693333
693310
693266
693133
693092
692895
692870
692767
692718
692660
692106
692053
692027
692006
691991
691989
691802
691670
691642
691519
691372
691360
691353
691099
691008
690902
690282
690260
690213
690152
690063
689984
689855
689439
689429
689331
689257
689041
688777
688663
688587
688428
688402
688263
688216
688018
688009
688007
687953
687721
687711
687483
687463
687379
687278
687124
687091
686836
686810
686746
686639
686567
686365
686354
686312
686281
686235
686071
686018
685886
685885
685827
685739
685735
685084
684960
684767
684757
684461
684254
684051
683979
683936
683858
683794
683762
683653
683574
683537
683462
683292
683232
683154
682949
682860
682301
682235
682150
682124
682064
682011
681987
681933
681791
681695
681662
681609
681495
681392
681299
681259
681145
681043
680990
680507
679729
679631
679491
679443
679426
679287
679106
678984
678758
678252
678088
678024
677821
677668
677664
677555
677416
677347
677236
676931
676881
676770
676751
676729
676570
676496
676375
676337
676098
676039
675971
675927
675920
675396
675278
675265
675232
675193
674700
674608
674458
674149
673995
673963
673957
673863
673804
673802
673725
673193
673111
672957
672493
672275
672068
671817
671737
671652
671647
671549
671319
671314
671140
671133
671131
670945
670874
670845
670833
670590
670536
670458
670319
670289
670179
670170
670048
669311
669211
669162
669119
668997
668706
668486
668303
667980
667828
667662
667622
667551
667372
667329
667283
666786
666725
666285
666053
665884
665848
665823
665282
665199
664995
664984
664974
664730
664675
664630
664455
664289
664041
664040
664027
663884
663716
663709
663678
663677
663671
663086
663075
663052
662824
662791
662791
662688
662560
662498
662288
662221
662092
661737
661681
661499
661351
661085
661033
661005
660841
660815
660774
660753
660747
660694
660637
660302
660300
660287
660174
660146
659913
659808
659785
659505
659421
659415
659359
659237
658916
658844
658708
658486
658023
657462
657360
657313
657174
657136
656874
656693
656514
656510
656147
656083
655942
655903
655431
655217
655199
655181
655067
655011
655003
654800
654600
654499
654481
654426
654422
654280
654197
654013
653881
653493
653368
653342
653204
653081
653054
653036
652985
652958
652941
652785
652776
652762
652581
652579
652550
652521
652501
652331
652313
652261
652241
652155
652103
651895
651677
651446
651315
651108
650972
650860
650827
650820
650791
650769
650665
650531
650225
650220
650103
650045
649962
649885
649867
649761
649718
649266
649207
648911
648831
648693
648511
648293
648030
647906
647891
647835
647616
647526
647519
647516
647492
647485
647483
647480
647416
647166
646907
646808
646669
646646
646448
646323
646297
646208
646022
645876
645858
645784
645556
645489
645452
645404
645216
645104
645052
644594
644547
644470
644372
644120
644073
643957
643946
643741
643703
643679
643641
643618
643382
643277
643070
643037
642765
642529
642113
642087
641739
641594
641463
641409
641083
640732
640053
640013
639952
639951
639909
639830
639709
639644
639640
639619
639609
639263
639199
639104
639078
638844
638775
638725
638717
638590
638498
638131
637452
637413
637124
637052
636916
636736
636720
636674
636640
636627
636594
636434
636421
635695
635690
635660
635578
635045
634990
634952
634166
634111
633908
633904
633760
633585
633489
633449
633431
633348
633324
633297
633258
633246
633094
632915
632760
632702
632624
632479
632222
631910
631894
631861
631850
631606
631375
631300
631043
630873
630869
630851
630678
630639
630302
630290
630278
630239
630068
630053
629885
629827
629787
629761
629716
629356
629148
629015
628811
628725
628514
628430
628339
628250
628199
628179
627705
627694
627227
626972
626946
626911
626679
626552
626441
626312
626286
626055
625934
625863
625743
625620
625511
625502
625381
625271
625202
625154
625039
624799
624435
624434
624432
624378
624339
624328
624299
624079
624071
623812
623797
623760
623727
623613
623514
623464
623102
623101
623068
623047
622910
622791
622433
622281
622227
622199
621994
621987
621525
621066
620986
620976
620882
620877
620551
620518
620450
620374
620371
620225
620220
620146
620096
620091
619984
619896
619879
619754
619746
619716
619467
619459
619211
619033
618917
618687
618524
618485
618477
618373
618342
618278
618256
617983
617975
617832
617608
617463
617076
616758
616614
616531
616383
616291
616267
616160
616120
615867
615549
615490
615436
615183
615102
615085
615074
615013
614675
614571
614466
614261
614112
614091
613918
613906
613872
613651
613278
613170
613140
612747
612705
612368
612096
611788
611717
611615
611505
611475
611471
611312
611277
611139
610973
610920
610838
610825
610618
610505
610367
610122
609832
609673
609603
609552
609336
609282
609255
608890
608759
608714
608626
608625
608412
608182
607929
607902
607780
607685
607684
607636
607618
607147
607117
606980
606852
606799
606666
606663
606353
606260
606186
606001
605954
605941
605888
605592
605518
605337
605032
604796
604729
604678
604629
604538
604336
604314
604256
604010
603697
603559
603555
603471
603384
603374
603340
603337
603230
602958
602892
602784
602416
602399
602381
602150
602149
601991
601984
601827
601815
601671
601611
601459
601236
601166
600968
600914
600686
599879
599619
599604
599538
599363
599359
599221
599060
599049
598879
598833
598823
598699
598470
598396
598393
598374
598153
597921
597704
597586
597080
596754
596619
596483
596319
596190
596186
596164
596143
596045
595631
595381
595312
595121
594910
594850
594808
594624
594568
594410
594383
594364
594352
594297
594231
593936
593865
593636
593533
593305
593304
593192
593033
592845
592735
592487
592296
592253
592126
591909
591891
591728
591646
591561
591541
591194
590968
590835
590550
590365
590149
590110
589923
589832
589652
589651
589526
589362
589173
589171
588968
588862
588839
588771
588368
588333
588192
588091
588087
588040
587810
587771
587154
587125
587070
587007
586997
586836
586721
586458
586199
585959
585728
585703
585474
585331
585317
585312
585230
585154
585092
585028
585018
584938
584919
584835
584777
584675
584655
584565
584525
584468
584461
584390
584311
584247
584193
584151
584075
584012
583535
583481
583468
583406
583344
583342
582923
582570
582056
581990
581927
581925
581886
581738
581565
581431
580928
580853
580713
580654
580526
580305
580215
580192
580115
580079
579627
579515
579445
579347
579343
579265
579213
579093
578865
578791
578591
578359
578216
578151
578081
577865
577838
577818
577471
577416
577226
577102
576949
576937
576931
576448
576426
576400
576388
576317
576154
576135
576018
575572
575555
575527
574963
574392
574290
574272
574226
574190
574091
574024
574021
573950
573835
573644
573592
573411
573300
573095
572955
572933
572575
572396
572227
572186
572078
572047
571564
571488
571462
571379
571209
571013
570768
570574
570508
570464
570262
570215
570161
569928
569711
569655
569597
569419
568848
568766
568705
568682
568618
568606
568463
568380
568355
568080
567950
567786
567396
567303
567034
566820
566750
566454
566385
566205
566119
566088
566063
566007
565932
565846
565692
565568
565250
565225
565028
564933
564692
564666
564633
564488
564242
564200
563998
563876
563818
563685
563588
563421
563249
563066
563039
562956
562829
562798
562796
562779
562637
562510
562366
562339
562044
561738
561711
561428
561397
561355
560937
560793
560789
560774
560757
560502
560444
560255
560239
560205
560060
560057
559752
559544
559433
559411
559175
559082
559071
558745
558719
558714
558664
558452
558435
558432
558268
558252
558009
557982
557679
557670
557566
557401
557154
557117
557027
556766
556679
556570
556516
556412
556198
555900
555893
555799
555786
555409
555303
555179
555057
554800
554694
554648
554645
554545
554215
554171
554089
553949
553936
553825
553693
553270
553261
553209
552943
552898
552718
552696
552623
552430
552373
552183
552102
552069
552055
551926
551785
551680
551349
551047
550970
550696
550673
550609
550313
550130
550065
550064
549718
549653
549357
549046
549044
548918
548817
548523
548502
548477
548276
548271
548257
548117
548001
547977
547891
547729
547685
547399
547204
546953
546873
546850
546733
546633
546622
546537
546440
546235
546169
546043
545998
545898
545483
545417
545170
545017
544997
544357
544329
543823
543591
543589
543517
543485
543083
542976
542837
542719
542641
542434
542366
542251
542236
542157
542026
541979
541949
541918
541895
541877
541749
541742
541654
541647
541441
541236
541019
540856
540843
540445
540370
540293
540243
539922
539892
539573
539529
539515
539477
539463
539217
539216
539208
539173
538971
538787
538685
538592
538520
538161
538030
538019
537667
537552
537522
537384
537377
537315
537264
536906
536809
536769
536762
536735
536704
536646
536634
536177
536123
536113
535957
535706
535193
535109
535105
535064
534568
534483
534378
534358
534148
534001
533839
533792
533516
533325
533171
533157
533150
533113
533001
532950
532937
532855
532821
532787
532785
532718
532460
532459
532091
531890
531793
531778
531567
531384
531362
531238
531185
531013
530834
530781
530505
530486
530437
529834
529704
529650
529540
529461
529277
529170
529139
529121
529103
529036
529028
528971
528858
528629
528594
528306
528118
528118
527572
527379
527312
527216
527215
526994
526983
526910
526802
526723
526708
526690
526690
526659
526641
526408
526290
526093
526020
525834
525806
525722
525332
525117
525036
524812
524720
524493
524483
524385
524321
524307
523699
523553
523510
523450
523427
522923
522744
522579
522537
522373
522341
522118
521956
521277
521253
520870
520750
520678
520678
520425
520228
520064
519987
519919
519869
519651
519597
519564
519293
519267
519191
519058
519005
518772
518726
518545
518476
518399
518252
518239
518202
518070
517976
517584
517565
517293
517238
517040
516982
516887
516827
516710
516674
516590
516424
516278
516150
516131
515661
515287
515152
515148
515105
515035
514875
514731
514660
514564
514561
514487
514365
514214
514046
513936
513902
513744
513735
513564
513323
513298
513174
513145
513085
512971
512931
512859
512839
512650
512649
512632
512583
512566
512318
512238
512068
512012
511981
511936
511923
511900
511700
511595
511292
511175
511090
510770
510721
510177
509908
509905
509809
509635
509606
509445
509328
509136
508892
508694
508653
508648
508347
508335
508243
508056
507762
507666
507450
507363
507289
507238
507236
507204
506845
506748
506621
506621
506322
506166
506155
505927
505924
505798
505785
505666
505558
505557
505406
505155
505105
504978
504788
504601
504549
504548
504511
504327
504217
504202
504114
503984
503960
503708
503620
503510
503471
503399
503367
503333
503224
503205
503155
503150
502926
502586
502446
502384
502373
502223
502053
502048
501986
501848
501623
501474
501254
501124
500968
500590
500491
500416
500238
500230
500215
500131
500104
500057
499850
499798
499771
499713
499640
499442
499044
498688
498648
498603
498521
498511
497842
497732
497584
497462
497344
497175
497148
496934
496908
496887
496786
496654
496653
496466
496269
495961
495805
495773
495610
495458
495287
495284
495216
494828
494812
494294
494259
494179
494078
493869
493720
493619
493463
493437
493373
493350
493299
493170
493120
492832
492496
492430
492320
492300
492197
491812
491640
491596
491595
491564
491513
491437
491342
491328
491327
491268
490845
490788
490644
490644
489807
489659
489461
489429
489366
489146
489082
488695
488652
488580
488550
488543
488223
488185
488141
488018
487764
487621
487475
487317
487287
487118
486956
486865
486834
486721
486699
486643
486580
486482
486454
486130
486076
485952
485923
485911
485618
485587
485517
485383
485342
484707
484661
484626
484422
484401
484350
484308
484207
484157
483957
483796
483729
483668
483598
483437
483429
483371
483285
483194
483083
482969
482857
482625
482578
482255
482185
481990
481893
481857
481713
481711
481406
481312
481301
481132
481069
480990
480764
480717
480692
480367
480027
479832
479799
479783
479627
479414
479267
479210
479010
478952
478946
478679
478432
478301
477989
477915
477778
477669
477558
477429
477413
477403
477377
477336
477158
477131
477048
476968
476924
476788
476713
476579
476547
476530
476403
476268
476024
476005
475787
475585
475578
475566
475346
475270
475255
475200
475108
475085
475070
474892
474747
474613
474565
474409
474206
474112
474021
474015
474009
474003
473542
473201
473155
472948
472804
472777
472599
472322
472248
472236
472212
472059
471968
471794
471696
471662
471611
471548
471447
471282
471266
471000
470782
470664
470625
470522
470500
470379
470225
469801
469702
469562
469383
469274
468928
468751
468707
468706
468628
468523
468481
467976
467873
467705
467636
467514
467421
467151
467090
466942
466892
466378
466218
466184
465961
465715
465601
465183
464991
464975
464796
464655
464524
464429
464418
464363
464305
464242
464132
463673
463640
463544
463538
463345
463145
462977
462869
462278
461865
461705
461692
461600
461569
461478
460766
460745
460011
459986
459864
459832
459664
459562
459465
459462
459349
459108
459104
459037
458997
458861
458859
458688
458449
458396
458376
458347
458332
458260
458174
458151
458073
458047
457942
457857
457738
457733
457718
457576
457320
456956
456929
456862
456780
456765
456696
456625
456534
456434
456336
456258
455971
455967
455928
455773
455728
455686
455563
455551
455549
455371
455365
455184
455113
455099
455029
455009
454653
454600
454582
454566
454492
454467
453885
453856
453738
453720
453635
453628
453613
453585
453572
453394
453337
453337
453305
453290
453228
453061
453055
452563
452334
452220
452218
452197
452116
451586
451543
451399
451294
451229
450951
450836
450526
450479
450409
450110
450063
450009
449960
449941
449872
449571
449413
449292
449233
449230
448981
448861
448833
448807
448805
448704
448576
448487
448406
448322
448164
447753
447685
447655
447640
447631
447552
447471
447436
447378
447020
446915
446844
446759
446430
446387
446316
446186
446006
445949
445913
445875
445858
445793
445574
445538
445499
445382
445368
445348
445153
445041
445015
444988
444719
444323
444082
444056
444036
443803
443793
443781
443680
443645
443636
443430
443341
443325
443084
443017
442992
442980
442796
442733
442701
442656
442470
442287
442157
442106
441882
441734
441641
441620
441368
441315
440915
440861
440819
440740
440597
440565
440435
440351
440273
440165
440066
439946
439880
439792
439669
439383
439338
439268
439259
439143
439053
438978
438795
438685
438629
438181
438174
438108
438076
437637
437084
437048
436872
436718
436590
436583
436499
436384
436332
436149
436067
435956
435842
435751
435708
435664
435646
435384
435331
435077
435019
434852
434812
434781
434739
434642
434613
434584
434569
434424
434340
434282
434077
433942
433815
433782
433761
433759
433669
433509
433496
433493
433465
433434
433408
433029
432987
432966
432933
432913
432809
432649
432617
432594
432578
432568
432449
432427
432178
431987
431983
431801
431619
431611
431434
431030
431000
430982
430976
430905
430729
430683
430576
430301
430026
430019
429921
429818
429726
429583
429485
429354
429203
429123
429117
428971
428799
428752
428654
428642
428610
428385
428362
428351
428266
427997
427797
427695
427614
427462
427414
427330
427317
427172
427120
427083
427060
426937
426905
426904
426795
426748
426687
426514
426329
426258
426199
426087
426027
425982
425981
425792
425673
425667
425631
425605
425485
425306
425267
425209
425173
424921
424015
423755
423635
423535
423531
423404
423134
423064
422637
422628
422584
422456
422305
422291
422115
421930
421918
421869
421740
421729
421610
421426
421330
421318
421139
421027
420781
420671
420539
420520
420403
420379
420321
420079
420035
419926
419841
419641
419629
419294
419237
419194
419040
419004
418940
418814
418774
418662
418650
418634
418586
418557
418525
418482
418357
417975
417969
417908
417657
417587
417169
416980
416899
416775
416591
416329
416299
416175
416145
415971
415870
415730
415541
415220
415199
415179
415074
415048
414956
414936
414500
414405
414396
414379
414281
414124
414000
413810
413685
413447
413390
413287
413168
413015
412926
412810
412761
412730
412666
412438
412348
412278
412228
412122
412092
412083
412074
411905
411543
411278
410956
410803
410801
410758
410492
410282
410056
410044
410011
409946
409931
409919
409777
409634
409577
409246
409208
409187
409084
409007
408874
408603
408546
408396
408089
407934
407849
407772
407712
407512
407403
407390
407374
407371
407131
407068
406928
406872
406871
406598
406315
406129
405989
405769
405744
405689
405663
405571
405477
405259
405248
405248
405245
405143
405121
405110
405106
405097
405061
404847
404734
404694
404658
404565
404508
404455
404304
404108
404079
404076
403798
403602
403463
403383
403292
403235
403228
403077
403052
402925
402904
402823
402794
402660
402598
402461
402445
402369
402336
402007
401882
401823
401507
401502
401360
400635
400627
400428
400276
400195
400143
400090
399933
399673
399473
399471
399346
399194
399168
398863
398617
398604
398586
398488
398454
398451
398195
398110
398068
397925
397823
397590
397572
397325
397322
397277
397113
396890
396865
396859
396509
395975
395855
395702
395615
395545
395496
395485
395273
395264
395142
395108
395085
394909
394885
394819
394592
394589
394571
394331
394216
394108
394044
394035
393927
393405
393370
393224
393130
393099
392720
392617
392253
392027
392011
391727
391515
391414
391336
391241
390982
390844
390774
390688
390597
390111
390010
389934
389896
389872
389741
389735
389650
389599
389303
389187
388937
388896
388688
388647
387994
387929
387890
387793
387559
387486
387428
387332
387105
387082
386989
386893
386878
386683
386461
386361
385950
385938
385929
385593
385588
385548
385517
385483
385335
385326
385275
384972
384856
384734
384700
384673
384666
384544
384431
384314
384307
384036
384031
383955
383848
383761
383719
383674
383584
383441
383261
383174
383108
383098
383090
382810
382805
382736
382568
382363
382294
382242
382225
382127
381983
381805
381759
381501
381462
381345
381277
381208
381148
381089
380976
380912
380871
380859
380834
380832
380822
380527
380491
380458
380397
380388
380298
379829
379699
379647
379610
379240
378971
378896
378835
378396
378366
378324
378303
378181
378087
377855
377780
377696
377628
377604
377341
377293
377256
377184
376945
376847
376830
376767
376767
376693
376515
376510
376446
376443
376392
376344
376329
375918
375908
375847
375811
375489
375406
375318
375096
375007
374861
374809
374606
374591
374583
374450
374146
374056
373917
373760
373521
373473
373199
373093
373079
372998
372976
372829
372782
372480
372333
372182
372137
372087
372072
371884
371724
371705
371499
371484
371333
371203
371088
371025
370450
370435
370081
369797
369574
368945
368920
368898
368724
368595
368516
368415
368340
368168
368147
368144
368079
368033
368004
367802
367650
367601
367031
366881
366841
366555
366466
366405
366335
366298
366131
365997
365850
365784
365604
365590
365543
365122
364852
364725
364526
364232
364182
364004
363868
363825
363596
363468
363188
362957
362855
362813
362779
362708
362401
362123
362119
362106
361923
361766
361677
361617
361406
361306
361219
361147
360706
360694
360593
360579
360542
360535
360492
360484
360443
360139
359933
359728
359636
359506
359470
359468
359449
359423
359410
359389
359373
358922
358652
358588
358527
358514
358461
357870
357851
357549
357341
357325
357189
357145
357006
356891
356793
356762
356611
356487
356259
356085
356013
355873
355722
355701
355671
355571
355537
355419
355208
355042
354974
354965
354850
354792
354741
354708
354705
354647
354581
354454
354372
353852
353847
353776
353774
353642
353588
353444
353237
353076
353026
352932
352811
352763
352564
352508
352281
352174
352104
352007
351991
351981
351853
351813
351658
351639
351635
351363
351339
351207
350853
350846
350813
350616
350363
350223
350144
350116
350106
349975
349930
349669
349496
349368
349279
349243
349177
349109
349095
349062
348971
348929
348416
348015
347997
347980
347958
347946
347819
347810
347432
346991
346731
346602
346535
346502
346324
346229
346205
346145
345940
345929
345887
345877
345723
345514
345455
345454
345362
345316
345225
345160
344820
344760
344606
344514
344427
344287
344026
343894
343651
343511
343500
343242
343228
343139
342966
342825
342677
342374
342307
342178
342092
342003
341994
341867
341515
341283
341014
340550
340522
340429
340316
340080
339831
339492
339279
339231
339228
339083
338841
338605
338515
338464
337458
337231
337141
336887
336881
336716
336685
336662
336453
336391
336377
336182
336015
335814
335656
335636
335527
335433
335329
335297
335258
335253
335212
335084
334951
334694
334558
334530
334046
333782
333750
333671
333580
333530
333309
333224
333189
333145
333043
332992
332813
332810
332697
332611
332572
332281
331855
331845
331652
331423
331357
331340
331222
331217
330732
330727
330549
330380
330288
330261
330219
330050
330037
329621
329419
328789
328715
328624
328302
327693
327675
327602
327471
327384
327368
327282
327131
327095
326861
326723
326597
326593
326298
326142
326128
326063
325977
325952
325395
325269
325230
325170
324878
324794
324756
324690
324498
324465
324374
324173
324064
324057
323952
323847
323311
323232
323171
322903
322891
322841
322725
322486
322297
322268
322182
322179
322169
321929
321587
321537
321369
320840
320784
320724
320655
320521
320267
320184
319482
319341
319184
319172
319155
318972
318916
318907
318769
318719
318572
318521
318514
318471
318117
318003
317917
317883
317868
317834
317739
317543
317405
317399
317365
316597
316276
316261
316239
316136
315924
315818
315428
315421
315056
315009
314882
314770
314670
314623
314461
313789
313557
313482
313244
313168
313093
313069
312953
312770
312686
312685
312583
312469
312268
312250
312122
311934
311928
311824
311810
311711
311617
311524
311433
311385
311209
310961
310898
310681
310659
310449
310448
310424
310422
310360
310277
310258
310141
310088
310046
310023
309961
309837
309601
309346
308892
308849
308608
307974
307963
307932
307773
307700
307601
307280
307149
307090
306976
306916
306520
306108
306089
305913
305805
305756
305553
305204
305120
305019
304989
304822
304697
304620
304556
304449
304426
304363
304319
304282
304254
304212
304166
304082
303911
303330
303178
303088
302920
302624
302406
302174
302070
301897
301866
301767
301652
301570
301555
301510
301502
301361
301353
301259
301151
301016
300967
300770
300579
300545
300008
299908
299770
299643
299530
299371
299300
299245
299086
298844
298729
298649
298644
298597
298371
298281
297999
297646
297436
297169
297153
297135
297118
297065
297011
296966
296966
296825
296705
296684
296629
296616
296553
296469
296404
296401
296192
296070
295965
295938
295889
295864
295851
295597
295551
295475
295415
295256
295182
295165
295162
295009
294841
294756
294698
294635
294506
294451
293883
293757
293741
293686
293528
293395
293391
292985
292939
292898
292802
292734
292543
292479
292462
292319
292303
292061
291862
291793
291439
291319
291237
291079
291056
290968
290956
290935
290682
290676
290651
290597
290556
290532
290097
290004
289979
289894
289891
289779
289753
289634
289520
289501
289358
289035
288980
288942
288900
288886
288597
288595
288480
287998
287968
287903
287762
287581
287510
287419
287310
287190
287150
287116
287103
286882
286785
286709
286620
286230
286139
285993
285895
285827
285682
285630
285334
284887
284771
284664
284631
284598
284556
284468
284454
284375
284234
284171
283699
283673
283311
283194
283125
282759
282532
282461
282283
282245
282184
282062
281903
281877
281848
281829
281685
281470
281425
281372
281343
281270
281153
281071
281027
280822
280701
280655
280473
280032
279896
279891
279871
279798
279628
278935
278906
278786
278718
278527
278477
278270
277859
277771
277625
277440
277141
277106
277091
277040
276723
276580
276556
276328
276277
276231
275950
275629
275514
275416
275369
275315
275295
275041
275002
274994
274994
274860
274698
274617
274607
274251
274075
273897
273658
273496
273492
273351
273350
273135
272854
272573
272537
272532
272413
272311
272281
272233
272143
271655
271518
270610
270389
270317
270127
270114
269999
269964
269910
269909
269836
269582
269550
269476
269415
269347
269144
269109
269062
268889
268829
268828
268739
268705
268664
268632
268538
268411
268352
268139
268082
268028
267915
267873
267809
267762
267602
267545
267521
267471
267412
267295
267018
266726
266618
266499
266489
266129
265733
265722
265576
265535
265342
265251
265056
264637
264582
264463
263790
263476
263318
263225
263184
263071
262806
262661
262610
262503
262351
262349
262295
262180
262167
261878
261864
261710
261360
261191
261029
260908
260792
260543
260499
260485
260361
260253
259952
259660
259644
259642
259524
259489
259413
259410
259367
259307
259234
259095
259049
259036
259016
258989
258969
258882
258626
258231
258057
257601
257578
257128
257017
256996
256329
256304
256301
256265
256220
255986
255942
255617
255608
255417
255407
255336
255222
255202
254716
254544
254482
254399
254392
254365
254283
254235
254191
253930
253910
253825
253705
253692
253568
253505
253317
253125
253076
252954
252862
252583
252463
252341
252152
252100
251930
251863
251734
251692
251617
251492
251125
251052
250959
250918
250556
250462
250401
250355
250342
249876
249800
249760
249480
249252
249240
249104
248716
248613
248605
248265
248264
248200
248171
247985
247980
247913
247865
247820
247761
247688
247678
247651
247598
247577
247476
247230
246884
246827
246708
246601
246557
246126
246079
245930
245845
245827
245793
245779
245460
245418
245226
245189
245069
245058
245051
244565
244546
244484
244446
244370
244229
244036
243933
243885
243881
243773
243656
243622
243510
243388
243385
243091
243064
242853
242450
242443
242409
242286
242076
241986
241764
241504
241364
241226
240746
240447
240324
240298
240148
240110
240062
239992
239525
239471
239369
239112
238920
238828
238372
238225
238207
238130
237930
237789
237248
237242
237105
237045
237009
236764
236725
236347
236342
236296
236221
236205
236133
236127
236075
235982
235930
235713
235670
235649
235552
235519
235123
235029
234918
234846
234348
233930
233810
233721
233707
233561
233443
233302
233084
232556
232542
232476
232369
232321
232319
232234
232212
232184
232017
231899
231737
231714
231644
231604
231423
231366
231229
231185
231034
230793
230504
230341
230227
230047
229974
229890
229881
229863
229857
229846
229777
229685
229678
229510
229386
229377
229368
229364
229327
229136
229033
229017
228999
228823
228753
228508
228506
228365
227985
227910
227788
227774
227736
227566
227527
227448
227281
226908
226646
226611
226555
226357
226321
226315
226258
226065
225738
225657
225545
225459
225431
225426
225411
225401
225328
225091
225049
225002
224883
224843
224756
224738
224675
224653
224467
224150
224142
224100
224035
223706
223653
223554
223503
223470
223418
223369
223157
223156
222957
222917
222838
222751
222683
222637
222467
222377
222309
222221
222046
221893
221873
221776
221773
221745
221745
221662
221649
221523
221511
221395
221320
221273
221235
221183
221102
220840
220707
220528
220374
220339
220245
219936
219889
219854
219448
219334
219127
219119
219119
218938
218853
218662
218525
218376
218302
218141
218119
218068
218046
218002
217853
217790
217654
217500
217317
217285
217200
217156
216464
216367
216187
216052
216007
215977
215917
215670
215562
215446
215413
215406
215374
215280
215225
215021
215005
214901
214684
214669
214612
214602
214586
214557
214494
214443
214415
214361
214346
214089
213954
213904
213743
213345
213306
213268
212981
212838
212830
212730
212696
212426
212259
212190
212150
212088
212075
211989
211930
211891
211819
211778
211774
211730
211540
211488
211475
211404
211396
211186
211175
210964
210814
210573
210522
210446
210242
210171
210054
209909
209872
209822
209803
209602
209576
209353
208987
208471
208221
208133
208049
208027
207784
207611
207516
207377
207365
207317
207311
207295
207279
207096
207045
206727
206473
206442
206260
206068
206068
206026
205989
205946
205897
205858
205777
205695
205632
205431
205378
205308
205270
205242
205182
205118
205102
204959
204879
204814
204383
204282
204274
204238
204143
203928
203899
203866
203688
203651
203630
203473
203372
203316
203079
202932
202820
202794
202762
202659
202644
202294
202248
202139
201960
201687
201418
201343
201314
200761
200039
200005
199952
199731
199693
199330
199156
199090
199038
199019
199001
198899
198894
198864
198634
198625
198537
198462
198414
198126
198034
197987
197850
197779
197749
197685
197601
197507
197313
197191
197020
196810
196694
196667
196285
196170
196045
195975
195868
195735
195618
195535
195528
195434
195113
194957
194859
194851
194739
194735
194563
194559
194479
194459
194418
194392
194383
194243
193799
193722
193569
193465
193446
193378
193184
193161
192853
192644
192623
192615
192575
192399
192315
192113
192007
191907
191724
191643
191066
190864
190714
190594
190585
190582
190555
190516
190308
190283
190253
189892
189664
189658
189652
189652
189183
189157
189113
189046
188983
188737
188642
188587
188550
188446
188245
188239
188200
187835
187629
187582
187439
187372
187323
187288
187198
187150
187124
186869
186700
186691
186504
186394
186295
186266
186199
185952
185931
185731
185608
185536
185533
185513
185379
185379
185303
184986
184829
184692
184585
184574
184425
184396
184344
184295
184075
184062
183895
183633
183603
183451
183197
183077
182942
182849
182736
182636
182507
182437
182310
182161
181987
181974
181957
181901
181738
181719
181587
181438
181063
180964
180959
180934
180930
180665
180562
179775
179673
179281
179144
179067
178899
178772
178661
178611
178532
178302
178228
178115
178044
178008
177989
177836
177813
177806
177383
177327
177325
177272
177256
177141
176913
176614
176552
176459
176392
176369
175997
175694
175360
175346
175113
174986
174953
174787
174754
174367
174144
173997
173988
173771
173509
173436
173271
173172
172988
172973
172567
172402
172359
172304
172184
171912
171740
171536
171468
171456
171265
171214
171196
170935
170827
170782
170779
170613
170335
170098
169951
169744
169659
169658
169450
169392
169268
169103
168976
168974
168959
168622
168604
168535
168511
168471
168032
167957
167707
167686
167558
167380
167236
167159
167138
166895
166558
166389
166245
166239
166063
165793
165719
165429
165382
165208
165189
165111
165074
164983
164954
164674
164610
164458
164242
164114
163806
163590
163522
163459
163314
163156
163137
163038
162898
162830
162830
162739
162665
162540
162390
162297
162169
161851
161788
161693
161642
161511
161441
161378
161276
161247
161183
161057
160966
160880
160627
160594
160539
160483
160025
159703
159653
159567
159523
159519
159326
159117
159103
158810
158759
158252
158218
157992
157713
157687
157575
157468
157372
157322
157293
157272
157233
157046
156962
156855
156668
156477
156411
156408
156366
156364
156232
155962
155818
155733
155655
155603
155516
155434
155105
154946
154901
154878
154453
154381
154311
154190
154172
154121
154086
153878
153852
153811
153781
152342
152297
152120
151980
151557
151237
150825
150812
150787
150633
150442
150044
149902
149676
149673
149465
149394
149079
149005
149005
148880
148837
148732
148707
148677
148647
148581
148375
148337
147959
147722
147638
147562
147433
147431
147429
147384
147206
147191
147108
146958
146712
146589
146493
146445
146416
146404
146362
146161
146092
145862
145796
145738
145720
145705
145680
145658
145578
145493
145432
145372
145341
145311
145235
145111
144931
144811
144735
144659
144647
144578
144477
144404
144314
144256
144163
143957
143915
143786
143547
143547
143518
143415
143397
143305
143298
143283
143099
143094
143036
142952
142562
142168
142083
142006
141849
141255
140950
140911
140471
140382
140348
140163
140105
139876
139406
139326
139190
139133
139133
139132
139093
138930
138793
138770
138653
138594
138408
138335
138290
138209
138149
138091
138068
137978
137871
137777
136834
136414
136399
136200
135887
135838
135685
135543
135182
135059
134944
134896
134620
134523
134490
134271
134269
134265
134172
133971
133946
133828
133794
133537
133389
133373
133371
132934
132796
132758
132401
132339
132283
132279
132244
132184
132120
132109
132017
131975
131719
131542
131402
131290
131118
131057
130947
130908
130641
130628
130618
130437
130218
130177
130007
129891
129877
129588
129487
129257
129063
129006
128936
128911
128858
128787
128548
128416
128339
128297
128285
128026
127868
127712
127358
127345
126972
126859
126803
126692
126493
126475
126132
126115
125963
125890
125872
125729
125510
125145
124522
124443
124441
124300
124288
124152
124145
124126
124111
123789
123578
123369
123363
123201
122850
122797
122715
122597
122458
122323
122153
121903
121833
121566
121422
121334
121318
121298
121052
120723
120476
120444
120370
120309
120037
119963
119946
119922
119826
119752
119752
119347
119072
118939
118894
118858
118688
118664
118387
118195
117453
117343
117185
117159
117032
116896
116758
116476
116453
116437
116128
116093
116037
116003
115993
115881
115860
115821
115777
115733
115732
115633
115608
115491
115069
114987
114764
114650
114635
114609
114231
114096
114091
113677
113393
113277
113185
113176
113156
112947
112947
112833
112698
112568
112414
112411
112336
112279
112136
112060
111966
111863
111856
111733
111686
111501
111416
111405
111318
111289
111226
111220
111109
111031
110977
110587
110406
110370
110283
110217
110196
110190
110103
109873
109829
109825
109751
109578
109336
109178
109031
108750
108374
108326
108254
108181
108126
107669
107431
107303
107240
107103
106183
106179
106077
106025
106024
105904
105802
105798
105615
105561
105546
105534
105479
105159
104962
104700
104692
104674
104608
104605
104598
104201
104018
103995
103871
103826
103755
103724
103681
103526
103396
103357
103214
103189
103104
103079
102301
102279
102054
101816
101679
101640
101635
101603
101577
101445
101284
101192
101128
101091
100997
100987
100966
100933
100763
100431
100430
100365
100082
100009
99521
99401
99191
99164
98888
98866
98637
98633
98544
98475
98157
97943
97913
97874
97848
97806
97729
97393
97357
97138
97107
96861
96850
96810
96711
96690
96679
96577
96210
96130
96063
96029
95878
95861
95674
95170
95032
94991
94952
94929
94900
94446
94348
94329
94230
94216
94196
94194
94146
94135
94034
93992
93947
93778
93747
93742
93658
93480
93270
93060
93017
92805
92778
92725
92554
92498
92106
92076
91787
91468
91390
91213
90938
90799
90652
90423
90331
90227
90196
90173
90087
89838
89783
89746
89737
89727
89722
89522
89440
89358
89119
88989
88943
88746
88732
88674
88672
88660
88542
88278
88203
88201
88136
87958
87745
87720
87609
87258
86716
86656
86504
86461
86458
86446
86427
86393
86376
86072
85886
85862
85834
85679
85553
85419
85366
85328
85241
85185
85070
85016
84925
84834
84714
84636
84420
84205
84198
84135
84027
83937
83675
83472
83184
82970
82854
82724
82237
82230
82152
82141
81985
81770
81641
81598
81486
81111
80734
80715
80661
80568
80532
80443
80413
80400
80385
80291
80173
79793
79790
79692
79599
79263
79134
79067
78514
78056
77953
77736
77599
77571
77535
77494
77153
77055
76788
76772
76739
76708
76433
76415
76168
76106
75934
75894
75817
75669
75505
75498
75379
75323
75321
75071
74884
74830
74805
74758
74637
74575
74555
74517
74482
74328
74036
73911
73911
73864
73832
73410
73130
72609
72446
72366
72268
71992
71889
71707
71628
71560
71421
71044
70747
70485
70049
69884
69711
69633
69015
68997
68966
68735
68414
68004
67936
67871
67865
67798
67627
67568
67377
67286
67179
66964
66832
66593
66460
66400
66317
66225
66209
66108
66010
65971
65587
65526
65353
65327
65143
64981
64946
64649
64573
64523
64347
64306
64264
63777
63681
63330
63006
62766
62663
62495
62453
62438
62430
62367
62296
62195
62071
61771
61703
61588
61486
61432
61335
61198
61154
60946
60875
60472
60467
60363
60100
59689
59659
59505
59493
59455
59454
59214
59206
59092
59052
58903
58897
58717
58489
58289
58102
58036
57693
57652
57340
57304
56832
56782
56771
56182
56128
56061
56023
55883
55602
55539
55350
55346
55228
54997
54491
54449
54435
54398
54252
54203
54076
53869
53523
53357
53302
53185
53049
52966
52806
52436
52193
52093
51957
51925
51919
51896
51888
51717
51589
51551
51523
51492
51334
51240
51233
51192
51092
50923
50845
50422
50225
49767
49652
49602
49534
49216
49041
48927
48858
48820
48441
48418
48304
48262
48256
48088
47879
47702
47558
47403
47345
47244
47154
47101
46724
46518
46363
46344
46342
46261
45794
45641
45609
45361
45130
45058
44637
44546
44516
44222
44188
44038
43912
43847
43716
43667
43653
43608
43467
43378
43355
43355
43287
43260
43244
43136
43071
43044
42949
42849
42676
42240
42235
41970
41759
41551
41239
41203
41201
41178
41108
41083
40956
40917
40833
40812
40802
40784
40611
40607
40503
40325
39857
39609
39600
39506
39427
39309
39281
39152
39037
38959
38949
38519
38253
37906
37796
37680
37506
37349
37091
36876
36503
36480
36438
36303
36209
36164
35913
35600
35578
35554
35549
35510
35496
35245
35160
35055
34912
34693
34677
34509
34413
34321
34270
34237
34143
34113
34073
34017
33995
33699
33557
33535
33523
33405
33346
33317
33184
32690
32680
32359
32327
32301
32180
32105
31931
31533
31504
31356
31163
30951
30905
30866
30773
30771
30582
30533
30423
30323
30144
29758
29509
29460
29422
29377
29187
29106
29099
29086
28976
28871
28860
28781
28602
28596
28413
28404
28319
28286
28229
28169
27983
27821
27789
27755
27550
27515
27349
27321
27115
26923
26792
26718
26657
26636
26234
26234
26164
26067
25915
25794
25611
25275
25225
25176
25110
24964
24562
24495
24440
24352
24288
23752
23563
23560
23393
23300
23250
23226
23178
23124
22733
22729
22576
22496
22286
22079
21678
21626
21580
21550
21380
21176
21079
20714
20687
20651
20591
20502
20477
20389
20382
20325
20323
20205
20084
20013
19967
19938
19827
19814
19470
19389
19256
19237
19181
18898
18842
18729
18697
18436
18220
18217
18064
18008
17997
17953
17926
17921
17863
17743
17660
17634
17592
17488
17444
17376
17200
16941
16432
16429
16274
16167
16087
16046
16014
15856
15385
14988
14841
14384
14287
14243
14065
13812
13703
13554
13243
13164
12828
12752
12702
12647
12576
12413
12356
12319
12237
12183
12147
11919
11881
11879
11867
11866
11808
11698
11418
11403
11297
11266
11235
11195
10877
10724
10550
10526
10436
10370
10185
9993
9767
9756
9660
9450
9395
9213
9168
9090
9059
8872
8848
8790
8659
8397
8336
8302
8255
8242
8104
8077
7897
7656
7473
7381
7326
7285
7153
7072
6969
6837
6750
6485
6485
6448
6448
6439
6401
6191
6188
6110
5954
5788
5712
5459
5427
5314
5242
5173
4942
4611
4554
4406
4383
4326
4146
4123
4041
3934
3861
3840
3739
3566
3259
2977
2894
2852
2833
2656
2066
2042
1754
1642
1613
1262
1058
997
748
718
633
153
96
