1041
2896
5380
6012
7386
9910
10570
13066
13299
13437
14838
17520
17611
17890
18503
18945
20089
21176
23993
24991
25939
26298
27251
33377
34739
35664
36277
36885
37331
39295
41874
43542
44276
44838
45356
50384
51938
53729
54908
55011
58353
59354
59525
59651
60626
62525
64640
64770
65233
65516
66248
67190
72665
73532
73626
73641
75511
75874
76723
77005
79303
80383
81220
81936
83215
83239
83820
84527
85670
88441
88593
90187
90956
91576
92071
92875
93138
93650
94621
95055
95246
96271
97660
98389
101517
104065
104226
106173
108070
111490
112216
113385
113783
113856
118230
118350
118926
122176
122917
126440
126555
128492
129778
131153
134728
134933
135251
135319
135520
136078
138123
138199
138449
138748
140118
140347
140845
140929
142214
145397
146167
146386
149348
149452
149740
150315
151445
151631
151765
151782
152105
152395
152406
152551
152927
154297
154325
156097
156492
156664
156684
157019
158122
158141
160818
162912
163141
165544
167903
169449
169924
169960
171994
173897
174075
175052
180254
182213
184479
184594
185634
186627
187133
187403
188939
189333
190764
190970
191079
191392
191659
192235
194093
194583
196545
200944
201433
205294
205956
206536
207927
208568
209041
210658
210707
211732
212245
213922
214111
214532
214922
214929
215087
216307
217470
218254
218415
218922
222005
224021
224593
224978
225032
227146
229010
230346
232272
232360
232718
233638
236378
237012
237459
237599
237659
237734
237964
240117
241589
241932
242688
242917
243872
245327
245891
247550
248641
248652
250806
251541
253070
253251
254115
254220
256465
256894
257905
258040
261267
261738
263706
264684
265279
265757
266746
267580
270257
270858
271583
271633
272428
273582
273926
274793
277158
277680
278102
279603
279703
279885
280208
281587
282009
283512
283631
284864
285917
287367
287976
289157
289917
290633
291139
292133
293072
294679
295316
296052
297386
298035
302486
303367
303411
303727
305175
306914
307032
308993
310151
310760
311071
311814
311989
312083
313147
314745
314996
316314
317499
318859
318980
319336
319964
321042
321411
321517
323951
324074
324874
325190
326345
326588
327777
328473
330844
331599
331770
332226
332327
332362
332657
333712
333838
333938
334406
334654
335384
335706
337438
337451
341383
342320
342779
343269
343738
343899
345739
346184
346275
347192
347574
348083
348510
348821
350127
350182
350456
351436
354585
355109
356285
356364
356439
357113
357258
358419
366225
366358
368011
368135
368379
369637
369714
369959
370418
371419
372072
372419
372699
373973
374009
374503
374600
374609
374744
374770
374867
374960
376314
379597
379779
380297
381177
383950
384677
386662
386995
387283
387590
388908
389023
390008
391081
391883
392597
393276
393356
393995
394300
395511
396114
397549
397939
399130
399307
401254
403373
403676
404608
407223
407227
410437
412419
412496
414515
415406
415961
415961
417731
418657
421055
421295
422190
423920
424830
425969
427557
428198
428604
428839
429398
430383
431017
431277
431754
432090
434190
434705
436709
437556
437687
437691
441261
443728
443949
444382
445574
446362
446377
446498
446690
448111
450539
451031
452483
453253
454097
454142
457828
458458
459156
460419
462040
462222
463117
463156
465446
467277
468681
469189
469579
470529
471704
472205
473781
474424
474648
475002
476926
478238
479287
479396
482907
484671
484850
485400
485519
488657
489171
489207
489743
490590
492607
493054
494107
495448
495749
498497
498726
499202
502790
503628
503676
503980
507247
508379
511207
511727
512502
512937
513376
514398
514555
515739
515873
515911
516364
519320
519708
520161
520444
521157
521424
522560
524340
525533
530010
532249
538438
538507
540025
540200
542291
544155
544407
544736
545188
545573
545618
547738
549231
550769
551872
552048
553598
556657
556751
559815
560391
562731
563167
563221
565187
565428
566862
569605
569698
570041
574635
575180
575634
576374
576435
576775
577164
577191
578205
578706
578707
578889
580204
580930
581144
581308
582164
584050
585762
585940
586481
586636
586668
587641
587829
588846
589020
589142
589887
591081
591610
591766
592788
593453
593554
593756
595084
595086
595151
598026
598530
598599
599551
600602
600730
601126
602040
603123
603537
604279
605432
605655
606536
606779
607317
607617
607652
608444
609823
614349
617210
617405
617766
618043
618111
618229
618398
620847
621062
621192
623126
623340
623932
625132
625578
625999
626442
626570
626640
628928
629763
630079
631288
632118
632579
634612
635172
635694
637104
637450
638647
639082
640184
642465
644650
646069
646369
647301
648336
650471
650850
651085
651519
653458
654512
655713
655823
657743
658092
659638
661262
661555
662726
663551
666249
666304
666583
666798
670114
672910
673973
674382
674847
675792
676054
677560
678196
679416
681705
682027
682116
682146
683774
685525
687345
688315
688841
689074
689579
691019
693231
693830
694557
695067
695090
695645
696562
696578
696660
697025
697254
698191
698992
699267
700506
700856
701903
702867
703140
706614
706945
708927
709325
712025
713362
715143
715289
716880
717061
717402
718360
718423
719334
725511
726368
726990
727166
727361
728815
734464
734820
737311
737875
742539
743000
743566
743706
746486
746920
747310
747366
747969
750198
751190
751322
751508
754558
754694
756477
758217
758455
759859
761773
761940
762980
763173
764989
765085
766484
768286
768384
770224
770626
776439
776589
776645
776853
777252
779355
779937
780670
782070
782582
785440
785877
788281
789492
790250
791674
792265
793231
795609
795873
796120
796582
796596
796727
798256
799621
799808
802317
805027
806086
807929
808423
810044
810600
811128
811829
811953
812807
813603
813628
814050
815204
817723
818772
820623
823330
824526
825972
828054
828385
829614
830479
831166
831720
833245
833552
835997
838314
838737
839443
841731
842651
842957
843065
844505
845120
847211
847358
847571
847953
848778
849359
849644
851002
852205
852646
853093
854217
854635
857174
858284
859501
863798
865383
866454
866909
866989
871566
871978
873537
874210
875244
880193
882526
882823
885498
885954
888386
888601
889429
890559
890711
891963
892906
893207
893248
893642
895059
897319
898581
899625
900304
900916
902145
903281
903295
905335
905927
906235
906504
906588
906749
907221
907574
908407
909717
911391
912343
912378
913931
914763
915867
917001
918116
918191
918407
918873
919211
921744
922096
923336
924048
925186
925462
926162
926528
927591
927823
927836
927846
928045
928139
928154
930196
930919
932839
933116
933745
934183
934593
934636
935266
935421
937440
939183
939352
939962
940272
942308
943400
943687
944561
945239
946109
946123
947343
947860
948192
948764
950472
952697
954807
955438
956424
957065
957427
957703
957868
958409
960839
962209
962947
963023
965191
967944
968019
970117
970683
971203
972391
972461
973956
974103
974714
975348
975428
975488
975557
976502
977429
977705
978172
978821
979671
981798
983590
984635
985346
987908
989679
990184
990600
991082
996050
996947
997866
998517
998744
998818
