143
174
295
314
384
444
465
648
709
787
815
870
1154
1275
1419
1617
1650
1860
1961
1988
2126
2212
2701
3022
3100
3198
3279
3344
3512
3760
3811
3906
4127
4380
4592
4727
4893
4940
4985
5042
5142
5291
5369
5633
5657
5963
6033
6065
6077
6083
6136
6181
6930
7058
7241
7351
7377
7793
8208
8388
8464
8959
9343
9367
9503
9530
9658
9670
9822
9847
10252
10540
10562
10775
10943
11255
11259
11351
11357
11467
11523
11535
11539
11649
11674
12062
12216
12419
12870
12990
13117
13119
13273
13288
13696
13741
13794
13806
13898
13931
13998
14098
14286
14313
14319
14467
14538
14651
14686
14710
14755
14829
15066
15343
15558
15689
15718
15893
15923
16010
16151
16209
16267
16270
16566
16640
16934
17030
17291
17328
17504
17555
17646
17653
17666
17685
17712
17759
17788
18181
18366
18374
18385
18427
18467
18482
18595
18754
18757
18776
18779
18939
19017
19021
19113
19354
19547
19831
19998
20183
20230
20243
20310
20330
20349
20362
20368
20391
20443
20643
20705
20786
20821
20843
20917
21093
21291
21297
21603
21628
21718
21765
21901
21921
22103
22234
22313
22429
22869
23050
23172
23346
23355
23423
23429
23438
23449
23804
23898
23962
24098
24354
24474
24757
24791
25236
25247
25361
25376
25405
25492
25681
25793
25855
25897
26411
26470
26496
26661
26670
26712
26799
26828
26870
27015
27303
27396
27436
27802
28134
28382
28449
28914
29073
29143
29214
29550
29649
29679
29773
29798
29863
29955
29999
30002
30076
30088
30146
30326
30580
30657
30690
30739
30822
31198
31294
31306
31412
31573
31639
31640
31800
31823
31839
31927
32050
32188
32228
32483
32548
32570
32590
32600
32634
32883
32950
32994
33030
33080
33112
33607
33611
34372
34681
34865
34869
34933
35152
35777
35878
36038
36066
36074
36164
36202
36255
36329
36653
36685
36716
36968
36973
37040
37213
37314
37369
37505
37649
37709
37831
37901
37936
37961
38194
38248
38411
38425
38588
38668
38725
38765
38943
39104
39118
39122
39193
39208
39240
39437
39441
39458
39502
39507
39628
39698
39781
39942
40193
40289
40323
40366
40390
40758
40772
40829
40832
41121
41590
41730
42099
42238
42240
42565
42573
42583
42732
42823
42911
43005
43264
43391
43421
43668
43669
43710
43734
43775
43812
43827
43873
44049
44056
44171
44301
44402
44597
44765
44796
44867
44908
44934
45155
45180
45506
45662
45674
45961
45985
46049
46260
46484
46686
46688
46712
46766
46788
47273
47300
47619
47791
47873
47903
48110
48187
48198
48248
48375
48561
48813
48822
48892
48906
48909
48958
49044
49080
49220
49256
49444
49939
50092
50124
50275
50352
50360
50588
51014
51214
51259
51909
51983
52029
52046
52083
52158
52183
52567
52574
52678
52858
52859
53271
53289
53293
53317
53443
53491
53525
53569
53842
53866
54109
54147
54329
54438
54445
54486
54514
54547
54608
54694
54715
54798
55145
55285
55388
55742
55812
55863
55910
55910
55946
56044
56045
56241
56300
56379
56484
56836
56951
56999
57234
57307
57325
57342
57442
57602
57714
57770
57779
57945
58080
58103
58300
58481
58492
58707
58734
58778
58863
58890
58959
59263
59382
59453
59468
59523
59552
59659
59715
59753
59758
59779
59954
60099
60127
60412
60432
61112
61143
61193
61249
61269
61476
61505
61792
61944
62013
62100
62408
62547
62548
62851
63227
63269
63334
63386
63491
63502
63517
63561
63671
63806
63858
63893
63972
64022
64077
64104
64204
64211
64275
64374
64510
64831
64854
64989
65068
65200
65296
65308
65496
65512
65853
65976
66002
66076
66078
66382
66420
66463
66520
66585
66912
67024
67094
67236
67341
67346
67354
67521
67658
67969
68140
68253
68364
68425
68477
68553
68754
68899
68924
69152
69190
69316
69366
69390
69627
69811
69917
69982
69999
70122
70153
70201
70421
70421
70441
70476
70548
70614
70775
70936
71151
71211
71238
71322
71460
71590
71666
71864
71869
72222
72248
72296
72932
72936
73498
73656
73689
73850
73886
73974
74079
74137
74420
74447
75068
75291
75393
75535
75558
75674
75725
75751
75902
75957
76058
76058
76128
76287
77078
77189
77227
77246
77259
77328
77422
77441
77627
77782
77809
77837
78014
78084
78161
78485
78485
78521
78602
78674
78720
78782
78896
79118
79144
79159
79267
79416
79597
79612
79872
79943
80069
80262
80317
80344
80548
80685
80768
80806
81175
81231
81332
81758
81818
81886
81952
82310
82470
82543
82661
82865
83307
83315
83473
83501
83600
83604
83607
83630
83880
83954
84267
84604
84741
84763
84795
84942
84971
85046
85152
85315
85704
85725
85737
85758
85759
85852
85950
85955
86504
86553
86590
86667
86748
87039
87138
87471
87545
87600
87634
87743
87795
87846
87934
88146
88215
88265
88289
88306
88363
88526
88845
88862
88890
89001
89130
89172
89192
89268
89382
89493
89820
89885
90121
90144
90257
90366
90470
90820
90821
91333
91509
91523
91669
91849
92130
92204
92525
93309
93347
93506
93738
93877
94028
94205
94325
94519
94560
94704
94908
95001
95047
95218
95335
95657
95713
95811
96134
96181
96280
96644
96644
96651
96711
96783
96809
97164
97187
97261
97314
97448
97472
97533
97683
97759
97846
97918
98208
98226
98287
98311
98348
98364
98501
98521
98572
98803
98913
98916
98960
99031
99063
99152
99389
99424
99613
99633
99991
100032
100186
100351
100360
100426
100625
100977
101065
101414
101423
101434
101498
101499
101581
102037
102053
102117
102271
102390
102487
102530
102542
102552
102580
103061
103771
103934
104000
104098
104199
104238
104374
104494
104752
104894
104946
104949
105024
105087
105128
105177
105357
105452
105490
105490
105579
105745
105784
105867
105971
106176
106244
106316
106461
106512
106688
106857
107037
107146
107167
107225
107265
107382
107637
107643
107689
107799
108022
108601
108879
109379
109485
109547
109612
109724
109899
110275
110378
110484
110537
110570
110674
110857
110875
110910
111117
111175
111289
111314
111379
111443
111710
111768
112083
112267
112414
112438
112813
112896
112919
112963
112998
113303
113615
113653
113659
113792
113934
113955
114031
114051
114088
114379
114559
114756
114831
114902
114976
115215
115257
115364
115540
115683
116082
116134
116231
116406
116458
116574
116856
116891
116975
117106
117251
117423
117437
117470
118043
118146
118190
118316
118347
118544
118686
118704
118801
118879
118907
119157
119196
119229
119272
119379
119617
119680
119683
119835
119947
119948
119949
120181
120301
120312
120408
120604
120637
120643
120710
120720
121027
121042
121048
121494
121711
121789
121896
122144
122233
122258
122280
122287
122449
122934
123068
123214
123472
123483
124048
124145
124241
124465
124469
124545
124562
124592
124649
125744
125759
125846
125936
126139
126243
126260
126347
126517
126782
126837
127062
127184
127209
127218
127223
127570
127694
127760
127834
127855
127867
127935
128189
128257
128304
128389
128465
128583
128597
128727
128796
128817
128836
128891
129056
129094
129196
129337
129461
129902
129936
130014
130255
130370
130479
130599
130605
130633
130774
131088
131183
131367
131772
131773
131828
132065
132275
132304
132412
132445
132513
132616
132754
132960
132991
133233
133287
133830
134104
134236
134763
134781
134784
134814
135300
135322
135339
135358
135596
135625
135654
135718
135894
136004
136050
136256
136292
136297
136368
136602
136709
136905
137001
137291
137450
137552
137722
137746
137766
137779
137924
138062
138096
138129
138263
138268
138329
138394
138395
138474
138532
138574
138628
138865
138882
138921
138995
139120
139190
139395
139422
139495
139571
139630
139633
139646
139665
139742
139800
139888
139913
140003
140644
140696
140814
140846
140849
140863
141058
141103
141228
141703
141806
141873
141889
142057
142384
142441
142550
142609
142631
142719
142752
142988
143067
143102
143162
143283
143390
143399
143601
143752
143775
143832
143838
143984
144074
144149
144180
144193
144267
144661
144796
144889
144939
145009
145124
145286
145356
145466
145609
146120
146233
146555
146732
146886
146894
147031
147125
147443
147484
147503
147551
147710
147792
147813
148372
148475
148511
148581
148764
148822
149006
149069
149336
149357
149397
149694
149785
149787
149865
149877
149909
150179
150343
150345
150489
150945
150989
151144
151233
151513
151582
151694
152183
152199
152333
152764
152850
152856
152871
152907
153387
153466
154281
154501
154790
154864
154891
155198
155207
155280
155340
155400
155403
155537
155801
155829
155839
155929
156204
156314
156327
156510
156613
156699
156874
156943
157042
157122
157131
157257
157316
157332
157336
157370
157494
157557
157609
157688
157836
158327
158404
158422
158479
158593
158812
158813
159051
159410
159493
159505
159560
159782
159803
159817
159988
160110
160344
161083
161141
161165
161640
161840
161886
162077
162173
162273
162310
162314
162655
162943
162944
162966
162981
163092
163111
163173
163396
163504
163531
163652
163652
164166
164174
164249
164266
164307
164325
164461
164485
164487
164522
164528
164556
164729
165004
165069
165167
165356
165364
165410
165539
165748
165856
165862
165931
166210
166240
166312
166374
166531
166686
167177
167296
167402
167411
167589
167646
167742
167942
168317
168521
168574
168673
168768
168770
168985
169030
169031
169115
169411
169596
169654
169813
170214
170230
170299
170318
170490
170554
170578
170662
170723
170972
171037
171085
171372
171469
171478
171488
171617
171698
171949
172015
172114
172369
172472
172498
172539
172631
172632
172679
172942
172975
173385
173476
173495
173557
173734
173900
173961
174009
174055
174111
174171
174443
174486
174637
174711
174830
174880
174980
175030
175046
175067
175214
175589
175600
175679
175738
175958
176007
176231
176523
176558
176874
176925
177059
177262
177299
177394
177467
177685
178399
178427
178438
178483
178510
179097
179246
179509
179611
179786
179862
179939
179958
180104
180181
180191
180208
180276
180304
180541
180650
180792
180938
181087
181139
181398
181592
181612
181676
181725
181726
181805
181885
181991
182024
182176
182220
182252
182407
182654
182660
182670
182806
182950
182983
183068
183069
183344
183460
183494
183724
183836
183851
184180
184239
184313
184355
184360
184579
184809
185125
185162
185244
185262
185556
185560
185847
185881
185897
185983
186015
186016
186108
186129
186129
186232
186260
186639
186667
186798
187019
187046
187091
187409
187674
187710
187724
187893
188112
188543
188616
188642
188755
188917
189119
189178
189386
189388
189401
189804
190017
190123
190154
190530
190558
190603
190640
190685
190850
190936
191405
191686
192161
192178
192267
192490
192518
192571
192588
192839
193109
193229
193342
193392
193428
193738
193839
193889
193937
194566
194848
194935
194943
195123
195205
195523
195726
195759
195882
196083
196150
196205
196452
196553
196746
196781
196869
196881
197013
197093
197164
197165
197370
197630
197714
197715
197855
197884
197955
198040
198223
198576
198582
198608
198842
199390
199492
199590
199698
200131
200140
200229
200318
200335
200375
200451
200461
200464
200603
200929
200968
201006
201023
201153
201246
201337
201598
201606
201757
201812
201841
201941
202131
202175
202439
202903
202964
203107
203262
203732
203744
203937
203993
204023
204074
204082
204192
204329
204550
204779
204853
204920
205131
205188
205350
205518
205714
205811
205839
205888
205929
206091
206112
206203
206314
206335
206400
206426
206440
206628
206643
206684
206756
206959
206995
207133
208014
208032
208261
208373
208413
208457
208485
208817
208862
208889
209244
209360
209376
209438
209438
209686
209789
210007
210008
210042
210056
210078
210128
210200
210318
210459
210602
211001
211060
211179
211274
211356
211422
211565
211588
212069
212150
212174
212289
212452
212455
212490
212563
212595
212771
212915
212973
213049
213439
213465
213481
213625
213767
213847
213906
213931
214109
214296
214664
214689
214717
215114
215213
215226
215229
215446
215842
215862
215931
216129
216169
216346
216354
216526
216577
216619
216753
217078
217420
217648
217656
217908
218283
218355
218380
218391
218876
218906
219018
219049
219053
219294
219606
220380
220900
220956
220967
221102
221229
221362
221476
221481
221796
221810
221927
222151
222207
222226
222240
222244
222291
222468
222471
222644
222698
222984
223119
223215
223360
223405
223647
223771
223801
223843
224040
224102
224211
224315
224585
224691
224801
224872
225069
225333
225415
225530
225594
225617
225714
225776
225798
225834
225983
226019
226052
226237
226286
226329
226668
226786
227002
227186
227254
227259
227289
227331
227637
227649
227714
227731
227868
228037
228063
228116
228295
228540
228589
228606
228673
228994
229081
229089
229239
229451
229757
229788
229798
229799
230022
230120
230312
230428
230461
230585
230868
231259
231439
231530
231639
232250
232352
232889
233232
233470
233488
233506
233583
234004
234122
234269
234423
234510
234839
234928
234992
235086
235115
235150
235247
235670
235721
235802
235846
235945
236021
236063
236174
236330
236365
236692
236723
236747
237030
237751
238124
238131
238143
238158
238484
238673
238760
239176
239240
239268
239451
239464
239518
239673
239727
239740
239916
239928
240334
240599
240604
241054
241263
241338
241462
241512
241536
241539
241620
241750
241870
241937
241955
242036
242570
242923
243006
243007
243112
243547
243563
243599
243695
243757
243824
244009
244296
244316
244317
244355
244750
244784
244873
245052
245068
245089
245360
245410
245418
245705
245726
245744
245752
245766
245902
245925
245957
246076
246107
246179
246291
246459
246466
246585
246653
246842
246898
247043
247113
247355
247359
247377
247418
247427
247647
247788
247793
247852
247853
248121
248490
248525
248528
248611
248775
248821
248859
249182
249197
249299
249376
249436
249583
249844
249996
250058
250200
250265
250501
250773
250827
250892
251266
251269
251343
251386
251460
251803
252108
252514
252635
252741
252874
252931
253044
253117
253152
253360
253795
253962
253968
254032
254059
254365
254393
254519
254680
254779
254983
255240
255299
255465
255512
255551
255664
255925
256049
256202
256338
256421
256497
256671
256674
256698
256910
256918
256991
257041
257083
257107
257128
257288
257367
257391
257403
257632
257683
257937
258589
258642
259530
259591
259612
259625
259773
259959
260242
260396
260643
260647
260675
260724
260747
260914
260921
260992
261268
261309
261396
261514
261744
261946
261968
261973
261998
262126
262280
262522
262532
262602
262623
262752
262812
262961
263006
263271
263275
263323
264091
264489
264539
264641
264672
264742
264848
264932
265070
265174
265324
265542
265840
266168
266190
266490
266550
266551
266639
266700
266786
267212
267326
267682
267751
267764
267767
267781
267809
268039
268223
268419
268518
268629
269012
269152
269223
269264
269459
269611
269633
269669
269692
269788
270955
271005
271073
271311
271441
271813
272059
272225
272522
272740
272892
273177
273202
273251
273372
273417
273701
273911
274073
274291
274621
274662
274692
274783
274787
275133
275282
275586
275755
275776
276131
276385
276430
276656
276754
276788
276937
277026
277072
277296
277615
277840
277871
277998
278112
278172
278225
278303
278600
278604
278778
278944
279069
279244
279390
279492
279495
279610
279782
279854
279883
279956
280164
280313
280316
280449
280678
280790
280957
281321
281457
281506
281873
282074
282176
282404
282436
282559
282716
282719
282873
282917
282999
283096
283106
283179
283295
283326
283394
283409
283484
283796
284113
284121
284298
284440
284558
284758
284786
285405
285564
285588
285731
285777
285908
285928
285997
286382
286391
286458
286513
286530
286596
287040
287043
287201
287479
287544
287604
287713
287896
287937
288111
288150
288163
288204
288354
288398
288451
288495
288650
288723
288842
288863
288931
288988
289182
289540
289633
289710
289729
290177
290180
290287
290421
290491
291101
291269
291283
291461
291993
291994
292031
292126
292150
292274
292281
292334
292456
292643
292810
292837
292842
293076
293130
293190
293491
293734
293737
293759
293810
293848
293962
294582
294698
294737
294975
295023
295103
295119
295155
295545
295686
295892
296402
296435
296546
296769
296770
296902
296931
297015
297110
297279
297356
297636
297721
297795
297903
298004
298013
298064
298125
298153
298177
298577
298626
298646
298774
298810
299002
299074
299077
299100
299225
299774
299782
299883
300291
301018
301023
301116
301123
301138
301160
301170
301230
301432
301480
301528
301612
301849
301940
302321
302573
302716
303046
303072
303314
303415
303416
303870
303920
304104
304189
304269
304401
304499
304906
304919
305068
305085
305189
305301
305402
305587
305684
305780
305862
305868
305965
306046
306272
306455
306487
306648
306798
306873
307192
307215
307245
307437
308056
308211
308417
308587
308643
308827
308868
308937
309268
309334
309368
309412
309552
309759
309847
310004
310152
310198
310198
310534
310631
310919
310959
310981
311446
311599
311622
311632
311969
312033
312114
312164
312172
312705
312869
313226
313249
313495
313807
313850
313913
313944
313960
314144
314366
314477
314821
314869
314943
315122
315257
315859
315929
316312
316597
316650
316866
317010
317029
317057
317183
317224
317565
317579
317697
317812
318031
318497
318761
318821
318928
318968
319179
319306
319416
319458
319539
319553
319643
319886
319957
320145
320151
320191
320327
320636
320738
320758
320778
320810
320846
321040
321254
321418
321479
321519
321521
321692
321718
321798
321808
322120
322306
322309
322376
322487
322503
322664
322882
322921
323068
323099
323199
323353
323493
323654
323666
323809
324022
324240
324346
324353
324393
324413
324856
324940
324950
325207
325321
325470
325516
325519
325560
325669
325670
325868
325873
325922
326083
326418
326636
326724
326792
326821
326878
327057
327098
327231
327434
327570
327656
327676
327903
328051
328297
328608
328663
328844
329211
329293
329397
329511
329620
329758
329763
330027
330144
330249
330269
330289
330296
330356
330375
330402
330429
330510
330519
330708
330776
330796
330899
330960
330967
331153
331307
331347
331492
331545
331750
331844
332002
332349
332540
332759
333052
333086
333290
333331
333391
333419
333456
333505
333651
333797
333799
334143
334532
334591
334951
335044
335062
335535
335575
335637
335685
335787
336006
336126
336414
336424
336607
336866
336891
336967
336976
337025
337100
337628
337708
337809
338013
338018
338238
338273
338287
338439
338491
338535
338571
338814
338842
338857
338943
339239
339392
339432
339666
339675
339855
340208
340317
340376
340691
340770
340940
340957
341043
341145
341178
341310
341720
342303
342387
342409
342598
342599
342659
342767
342955
343148
343717
343809
343989
344215
344243
344452
344842
344959
345201
345257
345264
345428
345503
345521
345580
345592
345723
345750
346128
346195
346288
346344
346381
346383
346497
346505
346592
346626
346644
346763
346898
347243
347316
347361
347367
347415
347576
347709
347772
347798
347987
348289
348404
348464
348516
348704
348790
348822
348894
348915
349041
349061
349537
349579
349945
349979
349990
350043
350246
350799
350822
350880
350943
350977
351013
351060
351076
351088
351269
351550
351617
351705
351754
351838
351881
352495
352813
352910
352967
353076
353335
353566
353883
353971
354065
354158
354179
354208
354246
354512
354659
354719
354770
354976
355036
355101
355177
355392
355740
355789
355952
356150
356178
356341
356346
356539
356544
356585
356626
356857
356962
357395
357476
357577
358057
358104
358117
358381
358390
358455
358952
359090
359103
359135
359144
359157
359165
359362
359490
359731
359768
359794
359906
359981
359997
360023
360097
360149
360166
360867
360955
361063
361240
361642
361805
361923
362075
362147
362199
362236
362251
362527
362651
362700
362702
362896
362991
363079
363287
363338
363475
363531
363648
363705
363772
363913
363960
364261
364474
364514
365077
365116
365186
365264
365496
365497
365665
365697
365823
366003
366155
366182
366352
366408
366435
366455
366644
366661
366698
366869
366962
367014
367023
367064
367649
367898
367916
367950
368077
368126
368210
368221
368243
368365
368628
368647
368674
368916
368981
369104
369300
369332
369381
369417
369894
369989
370319
370458
370472
370502
370753
370958
371024
371071
371442
371523
371856
372028
372142
372253
372493
372596
372746
372825
373013
373135
373187
373434
373537
373597
373616
373670
373767
373953
374052
374060
374139
374413
374498
374637
374638
374966
375009
375211
375287
375472
375522
375598
375623
375886
375947
376242
376368
376521
376846
376862
376912
377026
377096
377156
377363
377397
377437
377763
377783
377808
377918
378148
378888
379078
379092
379226
379231
379391
379395
379526
379541
379550
379916
379958
380099
380133
380496
380518
380594
380901
380925
381009
381117
381469
381526
381685
381885
381896
381916
381953
382198
382316
382351
382373
382454
382588
382674
382681
382835
382896
382953
383032
383121
383214
383462
383682
384268
384417
384750
384799
384845
384961
385021
385031
385136
385339
385940
386210
386380
386679
386736
386738
386795
387045
387066
387305
387324
387334
387428
387942
387957
388067
388248
388279
388331
388522
388561
388905
388970
389151
389201
389289
389437
389441
389637
389749
389785
389944
389964
390007
390063
390284
390295
390320
390335
390425
390599
390781
390817
390962
391069
391079
391307
391382
391388
391421
391444
391521
391531
391698
391862
392174
392307
392330
392456
392502
392578
393643
393706
393743
393744
393756
393810
393844
394006
394106
394677
394791
394906
394909
394972
395121
395298
395386
395400
395649
395651
395778
395793
395807
395882
396163
396345
396345
396412
396489
396559
396846
396859
396903
396911
396953
397227
397286
397323
397350
397359
397396
397450
397569
397613
397973
398054
398178
398258
398830
398937
399454
399464
399610
399631
399832
399867
399967
400049
400139
400173
400185
400308
400440
400593
400644
400787
400852
400896
400903
400926
401229
401322
401333
401367
401378
401537
401549
401671
401747
401758
401932
402063
402364
402368
402439
402480
402520
402668
402773
403344
403361
403440
403598
403709
403721
403960
404033
404179
404211
404246
404252
404269
404275
404365
404401
404440
404621
404686
404816
405009
405128
405134
405206
405208
405310
405451
405518
405729
405777
405975
405998
406091
406211
406383
406416
406455
406466
406535
406560
406582
406710
406930
407181
407217
407301
407443
407516
407554
407586
407816
408008
408048
408220
408287
408547
408599
408802
409013
409071
409365
409443
409460
409663
409864
409876
409989
410291
410400
410754
411026
411027
411063
411145
411388
411403
411476
411616
411775
411870
412106
412215
412429
413139
413196
413203
413225
413325
413759
413767
414053
414198
414289
414314
414324
414659
414835
414979
415103
415251
415349
415351
415388
415428
415540
415569
415890
415930
416107
416271
416294
416395
416655
416713
416976
417720
417752
417838
418101
418271
418554
418648
419109
419143
419198
419475
419502
419557
419564
419643
420034
420054
420249
420268
420307
420476
420595
420852
420997
421252
421561
421645
421721
421726
421728
421797
421835
421842
421972
422234
423169
423190
423825
424102
424144
424492
424529
424543
424738
424801
424940
425017
425069
425153
425207
425217
425306
425350
425435
425676
425729
425872
425919
425922
425923
426007
426282
426290
426393
426559
426746
426774
426822
426831
426857
426865
426927
426930
427008
427196
427240
427259
427270
427284
427287
427326
427487
427615
427661
427735
427858
428009
428025
428069
428093
428109
428258
428291
428348
428934
429179
429242
429301
429328
429584
429754
429968
430022
430047
430236
430285
430498
430548
430644
430767
430912
430945
431216
431235
431421
431552
431597
431988
432052
432170
432206
432207
432286
432295
432354
432413
432472
432528
432687
433283
433412
433430
433490
433780
433796
433955
434338
434549
434577
434582
434660
434702
434855
434909
435021
435330
435384
435538
435557
435568
435766
435916
435925
436040
436185
436454
436456
436478
436692
436910
437107
437152
437155
437202
437251
437282
437286
437505
437517
437575
437737
438168
438174
438316
438365
438447
438863
439055
439489
439527
439610
439725
440004
440121
440182
440533
440719
440720
440752
440767
441119
441228
441314
441803
442220
442228
442334
442375
442398
442471
442483
442528
442562
442744
442768
442850
442904
443379
443388
443583
443854
444025
444151
444164
444243
444445
444518
445115
445340
445359
445426
445453
445683
445908
445942
446004
446016
446027
446089
446167
446341
446379
446630
446765
446974
447544
447647
447845
447853
447940
448003
448165
448171
448222
448344
448364
448926
449013
449089
449349
449450
449735
449820
449905
449975
450044
450059
450118
450300
450382
450678
450740
450897
451023
451031
451236
451285
451308
451349
451407
451447
451482
451696
451774
451874
451970
452061
452394
452418
452595
452620
452838
453208
453453
453582
453672
453718
453817
453921
453926
453946
454141
454173
454206
454652
454656
455166
455230
455442
455502
455670
455685
455940
456101
456327
456525
456896
457205
457211
457259
457297
457495
457500
457817
457849
457862
458049
458062
458163
458235
458280
458446
458544
458762
458965
458966
459226
459253
459333
459352
459393
459870
459960
459972
460094
460154
460156
460543
460591
460798
460824
460862
460882
461098
461166
461336
461370
461382
461437
461597
461915
462348
462654
462675
462725
462764
462914
462934
463173
463189
463506
463648
463994
463996
464000
464217
464386
464549
465156
465266
465450
465507
465545
465553
465554
465561
465615
465733
465830
465915
465919
466436
466454
466492
466612
466920
467084
467290
467294
467374
467405
467465
467608
467631
467660
467705
467761
467772
467867
467915
468081
468155
468254
468453
468478
468570
468616
468807
468934
468961
469003
469015
469182
469364
469661
469686
469731
469996
470430
470615
470665
470780
470792
470880
470946
470954
470966
471150
471163
471180
471299
471744
471856
471856
471863
472010
472151
472276
472303
472467
473073
473115
473145
473193
473280
473324
473452
473486
473489
473761
473806
473992
474013
474027
474293
474482
474814
475093
475250
475339
475559
475706
475753
475904
476166
476235
476313
476356
476419
476480
476554
476710
476811
477204
477221
477299
477863
478124
478189
478410
478543
478597
478986
479023
479040
479350
480041
480078
480191
480518
480546
480568
480652
480713
480865
480937
481004
481047
481109
481158
481164
481205
481324
481358
481561
481723
481827
482021
482084
482154
482327
482342
482401
482445
482692
482909
483002
483402
483669
483693
483801
483873
483938
483977
484050
484057
484307
484481
484562
484635
484887
484892
485023
485082
485082
485540
485562
485588
485591
485900
486140
486225
486274
486481
486578
486604
486722
486821
486892
486901
486994
487258
487287
487702
487842
487987
488110
488136
488185
488202
488368
488405
488607
488693
488917
488970
489035
489159
489548
489741
490281
490457
490527
490651
490695
490791
491170
491199
491203
491474
491704
491748
491924
491940
491969
492008
492054
492215
492253
492409
492588
492712
492735
492752
492947
492987
493001
493173
493303
493334
493344
493362
493476
493652
493725
493894
493957
494094
494149
494275
494318
494390
494603
494660
494748
494851
494993
495104
495268
495309
495409
495645
495832
495877
496215
496446
496861
497116
497141
497337
497539
497822
497963
497981
498514
498699
498729
498757
498769
498816
498933
499188
499197
499210
499330
499397
499417
499568
499723
499804
499851
499915
500206
500567
500681
500685
500957
500979
501233
501312
501718
501934
501986
502316
502353
502359
502495
502557
502897
503223
503267
503319
503348
503444
503445
503652
503974
504012
504471
504546
504704
504719
504960
504973
505073
505824
505903
506504
506678
507008
507128
507456
507461
507543
507557
507619
507623
507628
507755
507766
507963
508178
508230
508513
508648
508834
508848
509278
509462
509469
509491
509545
509641
509665
509787
509905
509940
510281
510317
510549
510728
510909
511079
511224
511374
511376
511413
511574
511706
511726
511755
511759
511763
511773
512084
512162
512217
512445
512492
512522
512541
512560
512588
512759
512904
512971
513001
513027
513103
513144
513186
513213
513449
513562
513627
513649
513678
513884
514198
514426
514668
515017
515438
515772
515781
515794
515870
515939
516031
516078
516147
516243
516316
516549
516696
516781
516866
517033
517392
517480
517607
517610
517696
517829
517907
517941
517953
518040
518115
518210
518227
518338
518444
518485
518576
518600
518669
518793
518804
518876
519217
519481
519737
519764
519810
520084
520095
520164
520267
520426
520432
520486
520493
520500
520573
520640
520661
520688
520701
520710
520763
520772
520849
520852
521199
521222
521295
521410
521483
521780
521799
522036
522331
522511
522558
522668
523012
523068
523080
523309
523326
523417
523661
523749
523811
523878
524291
524333
524371
524473
524480
524506
524557
524935
525064
525130
525241
525676
526014
526049
526118
526191
526426
526443
526498
526573
526757
526948
527106
527180
527662
527699
527778
528282
528301
528395
528680
528690
528748
528914
529271
529277
529290
529300
529557
529576
529812
529833
529965
530060
530415
530431
530653
530791
530871
530887
530959
530994
531005
531037
531452
531673
531696
531754
532023
532075
532239
532365
532411
532443
532596
532724
532944
532949
532996
533042
533161
533353
533679
533708
533736
533924
533981
534074
534180
534195
534298
534358
534385
534492
534522
534723
534883
535017
535025
535068
535069
535249
535408
535415
535492
535510
535692
536167
536206
536429
536524
536749
536809
537195
537289
537435
537685
537721
537786
537866
537946
537950
538183
538211
538445
538681
538708
538752
538924
539193
539256
539324
539337
539432
539514
539625
539724
539782
539916
539919
539934
539995
540169
540174
540422
540651
540673
540701
541106
541143
541243
541662
541671
541697
541698
541707
541738
541820
541830
541841
541869
542126
542181
542326
542481
542489
542524
542639
542692
542772
542866
542961
543009
543567
543886
543966
544001
544073
544190
544243
544264
544320
544535
544626
544862
544865
545237
545317
545418
545839
545873
546367
546397
546491
546640
546653
546842
546940
546961
547013
547093
547343
547357
547391
547548
547816
547849
548005
548102
548102
548166
548195
548227
548258
548398
548491
548514
548825
548862
548868
549010
549049
549265
550048
550288
550408
550460
550642
550756
550787
551013
551081
551094
551125
551171
551224
551493
551849
551886
552210
552265
552380
552444
552922
552922
552992
553013
553068
553102
553160
553245
553324
553422
553526
553528
553665
553711
554023
554358
554616
554674
554681
554796
554899
555127
555272
555352
555457
555501
555719
555770
555781
555878
556071
556180
556298
556371
556560
556594
556733
556844
557017
557017
557032
557125
557410
557444
557472
557472
557812
557829
557914
558013
558020
558057
558184
558374
558419
558466
558708
558709
558744
558809
558847
558943
558969
559108
559240
559667
559670
560031
560281
560290
560384
560445
560727
560779
560783
560868
560971
561095
561214
561832
561884
561915
561920
561997
562065
562297
562300
562938
562955
563146
563173
563234
563367
563523
563525
563621
563891
563933
563936
564113
564266
564285
564400
564445
564693
564697
564984
565058
565265
565772
565967
566166
566231
566422
566443
566508
566538
566556
566652
566722
566784
566881
566996
567092
567136
567248
567439
567589
567600
567618
567661
567685
567718
567845
568045
568124
568204
568267
568345
568672
568718
568820
568871
568918
569032
569150
569228
569306
569330
569457
569473
569810
569821
569917
569943
570078
570201
570406
570490
570729
570918
571074
571130
571356
571489
571669
571840
571892
571919
572045
572296
572552
572714
572779
572986
573042
573046
573208
573235
573439
573655
573938
574054
574103
574406
574512
574752
574887
574904
575055
575109
575258
575319
575334
575371
575387
575776
576241
576272
576541
576616
576929
576942
577108
577125
577218
577265
577626
577741
577757
577766
578271
578622
578802
579042
579101
579182
579625
579736
579945
579952
580052
580177
580254
580312
580847
580848
580874
580889
580981
580993
581028
581140
581347
581527
581611
581635
581636
581950
581970
582051
582261
582285
582416
582536
582594
582658
582920
583084
583175
583301
583387
583457
583667
583686
583720
583764
583790
583823
583899
584067
584096
584129
584267
584327
584357
584466
584492
584867
585163
585242
585264
585805
585829
585953
586007
586037
586053
586204
586279
586476
586733
586955
587011
587086
587091
587188
587241
587244
587340
587494
587567
587588
587623
587642
587782
587888
587897
587939
587942
588014
588017
588036
588081
588488
588690
588754
588994
589129
589184
589520
589639
589746
589971
590071
590137
590195
590257
590398
590462
590462
590588
590593
590635
590918
590951
590995
591090
591236
591432
591438
591452
591524
591557
592180
592283
592341
592379
592413
592602
592837
592882
592978
593031
593128
593241
593426
593463
593486
593661
593676
593688
593888
593910
593962
594138
594221
594294
594322
594336
594391
594433
594446
594456
594574
594751
594883
594979
595327
595504
595627
595646
595790
595829
596000
596033
596146
596286
596353
596415
597136
597465
597529
597547
598191
598332
598432
598623
598634
598730
598850
599053
599215
599296
599371
599422
599640
599776
599813
600120
600129
600260
600323
600330
600394
600800
600881
601170
601223
601280
601315
601701
601754
602018
602045
602118
602122
602531
602546
602956
602958
602964
603051
603065
603092
603120
603239
603402
603415
603514
603532
603565
603584
603670
603745
603758
603802
603826
603914
604056
604129
604144
604145
604199
604389
604597
604605
604732
604876
604934
605203
605251
605423
605667
605792
606062
606072
606281
606378
606461
606502
606561
606586
606598
606612
606809
606851
607064
607281
607543
607586
607643
607671
607831
607998
608021
608237
608544
608618
608627
608643
608672
608776
608862
608934
609591
609641
609758
609808
609941
609951
610118
610155
610184
610349
610403
610416
610536
610778
610974
611047
611268
611336
611363
611477
611488
611620
611650
611658
611787
611829
611911
612149
612243
612336
612616
612667
612941
613140
613151
613598
613634
613759
613994
614087
614433
614467
614523
615139
615164
615205
615718
615740
615766
615802
616235
616331
616449
616502
616608
616630
616836
617066
617359
617477
617613
617662
617733
617780
618002
618023
618257
618510
618534
618622
618645
618648
618651
618809
619220
619248
619276
619386
619413
619573
619737
619950
620058
620136
620155
620460
620506
620592
620644
620832
620874
620882
620898
620984
621044
621131
621284
621311
621384
621554
621567
621573
621584
621725
621849
622085
622332
622380
622415
622503
622643
622681
622696
622815
622908
623060
623315
623341
623419
623423
623526
623558
623758
623877
623885
623936
624009
624245
624339
624420
624430
624441
624465
624595
624928
624940
624976
625496
625515
625613
625942
626127
626175
626178
626265
626302
626423
626576
626682
626735
626837
626866
626890
626916
627021
627303
627501
627675
627917
628023
628147
628176
628210
628222
628234
628393
628552
628560
629137
629264
629290
629515
629539
629858
630228
630230
630283
630308
630378
630397
630732
630751
630885
631240
631317
631337
631409
631565
631637
631732
632032
632343
632347
632420
632483
632787
633102
633118
633210
633367
633385
633420
633446
633506
633607
633651
633779
633829
633986
634667
634744
634747
634767
634827
635026
635127
635287
635389
635507
635747
635807
635887
635923
636103
636137
636373
636425
636927
637053
637093
637139
637184
637215
637318
637342
637361
637384
637487
637615
637677
637753
638164
638182
638232
638280
638290
638296
638340
638372
638470
638522
638644
638935
638947
638977
639185
639194
639249
639269
639287
639304
639356
639499
639549
639766
639795
639819
639932
639950
640027
640145
640199
640510
640722
640797
640815
640834
640958
641147
641239
641345
641402
641529
641531
641681
641713
641739
641824
642040
642148
642179
642179
642182
642229
642240
642387
642490
642819
642863
642990
643086
643174
643388
643523
643535
643668
643675
643776
643780
643819
643899
644097
644148
644206
644571
644573
644772
644799
644810
644833
644988
645222
645299
645358
645415
646151
646231
646270
646284
646458
646497
646574
646578
646615
646690
646710
646719
646721
646907
646959
647007
647109
647139
647329
647345
647458
647484
647542
647667
647752
647781
647840
647910
647988
648074
648369
648396
648408
648440
648531
648763
648835
648842
649110
649181
649185
649205
649401
649444
649491
649649
649725
649731
649799
649908
649976
650174
650342
650439
650471
650561
650773
651062
651088
651188
651194
651338
651377
651483
651564
651706
652552
652645
652805
652990
653181
653262
653368
653383
653429
653454
653588
653895
653899
653952
654171
654578
654717
654720
654736
654915
655107
655189
655378
655617
655642
655682
655758
655870
655881
655989
656093
656217
656287
656319
656395
656609
656639
656716
656843
656846
656965
657138
657266
657333
657546
657970
658010
658015
658092
658245
658264
658320
658368
658561
658591
658646
659351
659419
659899
659964
660220
660295
660309
660388
660423
660617
660868
660893
661097
661237
661360
661488
661535
661877
662061
662073
662636
662861
662887
662953
663364
663706
664055
664123
664241
664305
664322
664548
664839
665174
665249
665300
665357
665383
665533
665609
665639
665641
665720
665840
666037
666078
666209
666391
666538
666677
666697
666703
667012
667090
667171
667306
667652
667708
667887
668141
668179
668369
668406
668454
668470
668520
668571
668808
668965
669047
669073
669073
669167
669215
669242
669316
669357
669848
669869
669935
670140
670195
670285
670393
670498
670709
670749
670815
670850
670885
671050
671150
671329
671408
671426
671842
671881
671996
672209
672272
672598
673079
673127
673317
673800
673834
673856
673945
674408
674718
674858
674861
674995
675033
675143
675232
675236
675390
675495
675505
675998
676412
676483
676702
676801
676815
676961
677140
677169
677216
677436
677542
677862
677998
678911
678934
679009
679071
679265
679445
679450
679520
679711
679924
680253
680326
680518
680601
680919
680982
681072
681172
681343
681422
681493
681511
681747
681793
681826
681839
681994
682146
682243
682296
682367
682410
682440
682452
682577
682827
682899
683024
683088
683182
683204
683488
683542
683624
684326
684401
684734
684874
684883
684905
684942
685036
685046
685241
685298
685397
685960
685981
686013
686071
686135
686259
686281
686477
686493
686514
686562
686666
686714
686807
686878
686884
687243
687533
687931
687964
688088
688242
688436
688509
688515
688571
688591
688658
688724
688983
689206
689237
689378
689522
689782
689945
689966
689996
690298
690301
690316
690339
690546
690638
690707
690743
690792
690892
691003
691133
691282
691292
691297
691352
691916
692121
692213
692282
692454
692467
692519
692619
692654
692845
693024
693093
693342
693419
693453
693532
693674
693807
693813
693834
693843
693846
693848
693951
693965
693970
694191
694799
694823
694947
695345
695456
695538
695549
695591
695698
695882
696066
696254
696447
696724
697242
697374
697443
697595
697846
697943
698012
698033
698089
698175
698295
698395
698595
698596
698610
698795
698840
698853
698881
699111
699577
699602
699885
700094
700170
700441
700622
700869
700898
700958
701022
701157
701335
701439
701499
701685
701731
701910
702242
702538
702641
702721
702732
702840
703018
703049
703051
703074
703174
703247
703453
703487
703505
703584
703619
703671
703923
704098
704247
704251
704381
704494
704535
705004
705164
705390
705611
705790
705845
706011
706093
706094
706149
706354
706398
706540
707163
707206
707209
707254
707256
707485
707604
707687
707992
708056
708111
708164
708259
708340
708462
708645
708680
709257
709489
709635
709652
709830
709950
710001
710005
710408
710638
710654
710725
710803
710937
710947
710966
711161
711228
711262
711303
711453
711485
711529
711795
711892
711907
711918
711958
712102
712514
712777
713088
713589
713598
713671
713724
713806
713841
713884
713980
714237
714296
714370
714578
714989
715065
715066
715262
715304
715430
715442
715577
715836
715940
716045
716094
716181
716227
716446
716512
716584
716615
716743
716846
716883
716976
717211
717290
717364
717399
717479
717516
717536
717651
717832
717979
718111
718192
718313
718385
718446
718600
718645
718713
718739
719166
719169
719901
719960
720074
720147
720460
720525
720759
720820
721194
721272
721293
721389
721475
721562
721909
721929
722050
722067
722162
722222
722330
722417
722432
722707
723315
723440
723462
723530
723830
723861
724060
724161
724204
724217
724281
724388
724427
724734
724750
724791
724859
724879
725019
725028
725357
725423
725469
725540
725645
725656
725695
725882
726206
726214
726411
726499
726792
726799
727382
727388
727466
727515
727595
727620
727652
727731
727788
727840
727852
728540
728577
728899
728915
729125
729139
729159
729172
729255
729294
729343
729666
729806
729922
730084
730325
730344
730449
730481
730486
730510
730541
730604
730651
730666
730716
730786
730790
731035
731077
731105
731131
731139
731157
731450
731746
731836
731879
731921
732145
732168
732436
732437
732459
732621
732692
732733
732743
732992
733302
733643
733845
733886
734009
734228
734297
734348
734401
734405
734545
734736
734985
735077
735115
735270
735381
735812
736016
736205
736409
736427
736483
736640
736675
736812
736910
736957
737079
737109
737511
737789
738161
738374
738472
738488
738662
738747
738945
738947
738957
739080
739322
739495
739746
739936
740189
740843
740848
741039
741134
741152
741183
741261
741266
741289
741349
741536
741556
741653
741660
741785
741800
742023
742104
742107
742174
742197
742565
742601
742887
742964
742971
743098
743159
743338
743343
743449
743460
743460
743493
743506
743611
743700
744368
744371
744396
744482
744508
744532
744575
745242
745322
745446
745661
745683
745699
745751
746084
746353
747048
747117
747212
747238
747306
747465
747540
747612
747779
747996
748124
748299
748305
748354
748711
748771
749168
749301
749507
749722
749765
749765
749791
749829
749879
749881
749958
749976
750050
750095
750336
750418
750469
750476
750772
751145
751338
751411
751417
751449
751495
751508
751529
751674
751736
751868
752022
752066
752168
752182
752426
752449
752459
752494
752495
752580
752710
752834
752848
752854
752870
752939
752951
752971
752974
753128
753198
753344
753355
753364
753430
753489
753573
753786
753862
753975
754037
754373
754391
754447
754458
754525
754846
755126
755230
755531
755566
755722
756008
756048
756550
756579
756668
756741
756917
757112
757138
757214
757463
757566
757820
758049
758112
758273
758487
758568
758733
759004
759081
759212
759907
760027
760107
760176
760198
760455
760612
760978
761222
761402
761692
761861
761909
761968
762041
762213
762269
762416
762526
762704
762840
762975
763265
763334
763442
763758
763924
764100
764115
764140
764203
764636
764746
764753
764889
765008
765039
765056
765264
765298
765464
765707
765785
765797
765820
765887
765931
765977
765995
766143
766159
766261
766407
766431
766684
766818
766970
767068
767135
767348
767382
767439
767590
767726
767733
767773
767786
767843
767904
768178
768420
768436
768441
768509
768738
768791
768854
769062
769236
769353
769380
769413
769545
769723
769868
770359
770364
770428
770639
770709
771121
771191
771209
771674
771674
771753
771876
772081
772151
772315
772443
772597
772680
772785
772952
773190
773329
773424
773500
773829
774047
774072
774171
774237
774344
774426
774459
774519
774644
774775
774843
774912
775568
775618
775785
776122
776319
776557
776563
776617
776703
776735
776819
777003
777202
777332
777341
777783
778000
778056
778219
778278
778287
778334
778493
778517
778581
778645
778854
778888
778949
778999
779002
779164
779230
779453
779492
779722
779933
779951
780119
780133
780199
780237
780339
780427
780514
780603
780842
780907
780960
781072
781178
781226
781375
781527
781577
781686
781782
782245
782495
782875
783034
783059
783105
783115
783145
783401
783509
783748
783890
783934
784064
784133
784264
784538
784720
784764
784995
785047
785185
785301
785780
785810
785981
786141
786169
786289
786515
786688
786814
786820
786900
786997
787402
787510
787586
787630
787638
787650
787735
788286
788327
788394
788830
788982
788989
789015
789152
789218
789459
789532
789536
789759
789787
789806
789968
790092
790116
790202
790483
790498
790559
791013
791124
791410
791516
791579
791794
792095
792107
792145
792148
792226
792542
792646
792669
792682
792758
792834
793114
793162
793197
793533
793616
794077
794139
794150
794430
794442
794557
794651
794691
795084
795150
795273
795417
795507
795675
795736
795855
795933
796109
796691
796720
796836
796912
796971
797003
797102
797172
797237
797264
797341
797513
797637
797671
797845
797852
797889
797928
797932
797943
797965
798338
798345
798510
798640
799022
799117
799165
799215
799331
799439
799867
799910
800004
800052
800124
800192
800293
800409
800580
800617
800642
800774
800835
801007
801262
801509
801633
801634
801662
801755
801809
801847
802100
802182
802468
802615
802714
802861
802909
802963
803014
803495
803593
803635
803824
803952
804344
804380
804819
804906
805223
805318
805479
805624
805947
805950
805962
806041
806103
806195
806221
806284
806450
806552
806685
806808
806836
807356
807401
807555
807579
807695
807974
808512
808555
808572
808682
808772
808924
809116
809396
809512
809809
809816
809834
809855
810026
810500
810546
810571
810683
810798
810893
810971
811252
811717
811730
811969
812051
812055
812192
812454
812458
812541
812579
812704
812777
813115
813298
813320
813533
813856
813998
814096
814543
814657
815043
815078
815130
815290
815448
815485
815493
815580
815678
816125
816180
816318
816352
816363
816705
817090
817143
817223
817256
817381
817619
817922
818375
818401
818437
818631
818762
818916
818923
819567
819681
819952
820353
820357
820450
820915
820948
821000
821105
821629
821875
822161
822220
822220
822262
822292
822502
822939
822959
823108
823184
823294
823338
823624
823866
823941
823992
823999
824291
824426
824448
824674
824774
824985
825315
825335
825408
825418
825592
825644
825794
825825
825919
826244
826332
826425
826749
826929
826947
826983
827589
827699
827915
828044
828262
828526
828633
828688
828802
828885
828903
829174
829177
829272
829360
829391
829433
829667
829809
829822
829887
830498
830670
830781
831039
831276
831523
831671
831996
832020
832480
832568
832579
832683
832815
832916
833224
833449
833515
833724
833729
833736
833747
833760
833824
833844
833985
834084
834085
834326
834936
834937
835000
835141
835142
835242
835272
835436
835793
835848
835876
836207
836245
836482
836488
836710
836768
836797
836819
836938
836949
837068
837237
837381
837433
837504
837515
837560
837614
837654
837667
837746
837859
837865
837876
838024
838101
838194
838216
838241
838258
838417
838453
838497
838631
838765
838777
838978
839018
839031
839073
839131
839312
839334
839422
839455
839530
840096
840179
840217
840293
840544
840699
840733
840819
840887
841025
841194
841362
841365
841545
841606
841670
841868
842072
842339
842356
842424
842532
842552
842883
842909
842924
843115
843140
843187
843223
843947
844113
844772
845020
845077
845664
845691
846189
846265
846447
846592
846675
846680
846872
846923
847035
847065
847181
847240
847298
847698
847794
848176
848250
848350
848462
848838
848922
848987
849377
849739
849927
849946
850040
850321
850415
850636
850701
850739
850873
850898
851237
851319
851437
851883
851934
851951
852112
852144
852362
852550
852732
852765
852784
852911
853020
853278
853374
853397
853733
853953
854010
854143
854350
854543
854561
854653
854770
854882
854917
855538
855551
855760
856030
856255
856297
856342
856596
856750
856955
856994
857026
857210
857282
857679
857686
857722
857753
857991
858134
858145
858515
858819
859005
859199
859200
859224
859329
859455
859638
859685
859778
859937
860018
860157
860204
860206
860248
860487
860515
860657
860663
860678
860748
861006
861089
861247
861542
861549
861596
861610
861646
861679
861830
861970
862127
862131
862254
862434
862806
862840
862867
862910
863022
863215
863312
863615
863957
864055
864238
864457
864508
864660
864716
864750
864845
864932
865174
865325
865355
865501
865541
865690
865882
865945
866030
866048
866068
866126
866161
866173
866192
866320
866503
866533
866535
866721
867006
867319
867363
867386
867397
867447
867588
867589
867607
867667
867961
868025
868088
868346
868366
868405
868481
868787
868837
869029
869050
869499
869591
869756
870080
870397
870456
871038
871176
871620
871636
871770
871883
872002
872094
872131
872180
872423
872431
872551
872653
872849
872899
873010
873073
873077
873143
873217
873495
873501
873730
873886
873967
874161
874184
874414
874445
874691
874862
875065
875221
875320
875410
875457
875516
875586
875650
875858
876017
876140
876194
876589
876667
876828
876919
876990
876996
877224
877415
877450
877467
877604
877819
877866
877999
878062
878136
878703
878765
878780
878901
878916
879270
879390
879452
879544
879591
879713
880098
880114
880316
880334
880439
880503
880609
880637
880702
880920
880926
880940
881016
881022
881043
881278
881320
881695
881885
881896
882146
882649
882834
882858
882941
883018
883096
883171
883293
883620
883684
883884
884046
884354
884422
884503
884554
884727
884866
884941
885038
885112
885161
885239
885619
885631
885913
886489
886524
886903
887091
887134
887226
887246
887313
887317
887349
887505
887561
887716
887723
887756
887769
887838
887871
887873
888099
888424
888720
889079
889302
889385
889416
889536
889555
889795
890025
890127
890442
890867
890902
890928
891073
891147
891174
891180
891249
891408
891469
891593
891690
891872
891986
892138
892178
892186
892372
892585
892832
892880
892994
893146
893570
893759
893777
893825
894109
894139
894172
894199
894226
894231
894313
894321
894398
894502
894796
895065
895124
895308
895313
895381
895529
895547
895699
895768
895788
896050
896109
896384
896723
896961
896973
896999
897045
897137
897296
897468
897615
897684
897827
898019
898091
898140
898245
898297
898398
898515
898589
898741
898870
898978
899070
899434
899520
899603
899634
899834
900550
900570
900611
900632
900877
900957
900961
900971
900979
901099
901258
901263
901578
901583
901609
901674
901766
901948
902407
902790
902826
902873
902986
903477
903523
903869
904021
904022
904127
904361
904472
904567
904674
904709
904753
904949
905244
905249
905335
905539
905601
905628
905742
905795
905846
905944
906127
906552
906734
906948
906982
907044
907274
907355
907403
907583
907846
907982
907998
908034
908099
908195
908291
908512
908588
908597
908603
908956
909140
909290
909434
909463
909615
909690
909693
909854
909888
909944
910061
910187
910252
910259
910263
910316
910584
910753
911097
911417
911436
911625
911644
911646
911857
911864
911976
912055
912077
912104
912144
912170
912286
912579
912602
912606
912706
912924
912979
913264
913309
913310
913557
913623
913738
913875
913993
914235
914529
914613
914626
914716
914800
914854
914972
915072
915305
915353
915491
915682
916050
916474
916512
916522
916826
916953
917190
917288
917328
917428
917602
917640
917914
918205
918421
918480
918793
918840
918843
919126
919221
919288
919364
919473
919800
919827
919941
919997
920035
920302
920317
920820
920834
920879
920946
920955
921490
921561
921833
922037
922061
922222
922259
922279
922399
922421
922516
922523
922603
922734
922815
923103
923402
923444
923787
923788
923995
924050
924067
924280
924479
924516
924710
924714
924959
925199
925373
925491
925615
926100
926166
926182
926512
926539
926760
926806
926866
926889
926991
927587
927641
927716
927811
927859
928299
928461
928672
928777
928819
928995
929023
929032
929075
929083
929221
929251
929479
929570
929574
929647
929708
929730
930260
930672
930885
931119
931151
931329
931436
931491
931525
931921
931972
932197
932258
932267
932328
932341
932435
932689
932714
933223
933238
933353
933526
933538
933813
933848
934422
934541
934665
934676
934791
934923
934925
935087
935100
935190
935290
935712
935929
936042
936116
936540
936563
936569
936620
937021
937249
937290
937409
937483
937491
937501
937651
937828
938069
938213
938252
938291
938749
938795
938817
938984
939036
939041
939108
939160
939210
939252
939326
939468
939700
939821
940148
940461
940931
940999
941077
941102
941164
941207
941271
941729
941842
941983
942003
942096
942110
942262
942276
942440
942463
942494
942534
942553
942832
942855
942878
942889
942891
943112
943397
943404
943546
943559
943564
943583
943855
943940
944089
944218
944225
944343
944456
944490
944516
944886
944894
944964
945013
945024
945324
945549
945576
945638
945691
945994
946023
946026
946056
946156
946267
946436
946652
946901
947064
947132
947434
947467
947487
947902
947984
948046
948379
948391
948563
948617
948699
949033
949241
949246
949281
949539
949602
949832
949859
949978
950010
950236
950318
950503
950505
950633
950814
950923
951092
951160
951198
951389
951487
951624
951704
951820
951825
951915
951924
951996
952131
952305
952316
952321
952995
953030
953279
953328
953432
953797
953804
953811
953825
953881
954153
954195
954382
954413
954782
954977
955053
955066
955454
955456
955560
955606
955769
955928
956597
956664
956762
956766
957088
957309
957341
957375
957424
957445
957689
957709
957722
957796
957975
958008
958038
958120
958168
958189
958292
958369
958426
958638
958643
958781
959030
959120
959138
959179
959261
959302
959582
959611
959785
959801
960032
960065
960079
960145
960218
960255
960330
960437
960502
960567
960827
960870
960994
961008
961131
961145
961339
961397
961507
961512
961518
961543
961685
961781
961862
961964
962204
962245
962437
962506
962585
962691
962826
962894
962925
962971
963197
963234
963851
963862
963887
964046
964075
964137
964259
964465
964992
965094
965437
966219
966469
966855
967134
967143
967304
967313
967470
967525
968006
968066
968193
968239
968287
968300
968547
968799
969188
969249
969277
969333
969456
969505
969608
969850
969872
970050
970061
970066
970070
970182
970214
970228
970286
970606
970768
971025
971078
971217
971368
971457
971487
971614
971850
971873
971915
971990
972082
972119
972341
972550
972594
972624
972632
972719
972796
972837
972994
973112
973178
973182
973186
973230
973256
973315
973372
973465
973469
973506
973556
973593
973674
973734
973744
973990
974057
974341
974432
974615
975049
975419
975546
975573
975753
975840
976154
976298
976497
976559
976606
976875
977096
977216
977303
977421
977659
977662
977742
977849
978109
978236
978767
978948
978999
979181
979596
979661
979685
979714
979729
980055
980160
980176
980243
980578
980603
980736
980761
980876
981111
981228
981415
981447
981451
981554
981607
981856
981911
981987
981988
982063
982085
982086
982585
982585
982632
982681
982686
982719
982888
982961
983067
983104
983535
983566
983662
983805
984017
984141
984248
984351
984413
984579
984701
984797
984837
984881
984961
984967
985116
985186
985233
985236
985259
985528
985727
985900
986007
986043
986335
986335
986463
986520
986542
986647
987005
987114
987254
987274
987296
987296
987351
987379
987417
987806
987938
988039
988145
988333
988404
988453
988476
988541
988612
988623
988640
988750
988833
988836
988894
988896
988980
989031
989094
989330
989647
989766
989783
989833
989989
990070
990182
990189
990300
990430
990463
990621
990876
991083
991135
991196
991451
991721
991732
991946
991983
992083
992382
992387
992397
992510
992705
992736
992746
992792
992975
993163
993374
993621
993652
993766
993797
993921
993948
993962
994053
994156
994175
994304
994314
994414
994666
994693
994951
994963
995448
995495
995574
995728
995793
996052
996108
996186
996388
996403
996463
996790
996824
996852
996992
997048
997322
997341
997373
997528
997537
997559
997573
997701
997853
998071
998099
998198
998253
998566
999198
999200
999205
999220
999253
999284
999400
999485
999527
999834
