942
1346
2539
2563
2652
4142
4641
5054
5895
6595
7314
8797
8855
9427
9505
9617
9770
9801
10135
10417
10834
10930
11017
11244
11248
12912
12981
13381
13387
15551
16262
16262
16448
16923
17733
18020
18150
18164
18409
19705
20423
21106
21254
21859
22167
22182
23378
24195
25280
25765
26020
26024
26590
26659
26902
26933
28921
29030
29408
32275
32326
32768
33425
33593
34074
35226
35452
35553
37134
37319
37323
37448
37627
38929
39367
39742
40062
40480
40854
41080
41313
42240
42370
42506
43073
43180
44154
47210
47509
47791
48242
48324
48616
49358
49426
49659
50201
50786
51273
51842
52094
53089
53117
53177
53484
53802
56547
56675
56853
56981
58078
58653
59731
59963
60890
60961
61916
62221
63387
64084
64119
65116
65130
65576
65758
66355
66792
68287
68381
68537
69026
69406
70505
70851
71212
71504
71688
72179
73437
74094
74101
74626
74869
75736
75873
75923
75934
76207
76615
77273
78469
79842
80547
81440
81643
82013
82919
83880
84691
85775
86445
86516
87163
87464
88163
88303
88768
89505
89534
89985
90026
91116
91141
91852
92014
92133
92221
92355
92775
93336
93427
94614
94641
94775
95094
95729
95960
96577
97048
97585
97784
97916
98314
99210
99311
99531
99772
99827
99846
100572
101289
101486
101521
102285
102455
102606
102813
102951
103091
103296
103315
103523
103531
103556
103936
104698
104875
105255
106033
106223
106915
107992
109788
110462
110530
113502
113543
113737
113856
114300
114327
114908
114912
117326
117421
117537
119566
119770
120246
120268
120415
121662
121896
122136
122154
123517
124207
124499
124559
124601
124913
125059
125414
125947
126010
126421
127914
129285
131218
131581
131595
131969
132067
132624
133184
133554
133720
133838
134003
134792
134951
135165
135662
135842
136073
136096
137095
137368
137413
137658
138446
138779
138969
140178
140252
140394
140496
141127
141871
143008
143296
144371
144946
145423
145825
145873
145926
146723
147379
148000
148328
148942
151031
151119
151130
151848
152093
153127
153187
154004
154759
154881
156086
156734
157180
157333
158720
159473
160599
160754
160841
160876
162242
162840
162956
163703
164823
164916
165018
166021
166330
166597
167288
168016
168305
168867
169219
170926
171117
171131
171331
172159
173642
173730
173758
173954
174524
174712
174884
174913
175686
176574
176955
177241
177440
177497
177525
177764
177837
178174
179111
179119
179144
179923
180415
180957
181255
181359
182796
183154
183517
183679
183691
183826
184155
185425
185543
185683
186939
187129
188230
189107
189478
189614
190698
191502
191933
192540
193157
193189
193395
193494
193527
193994
195145
195771
195951
196545
196923
197029
197048
197349
198235
198628
198861
198867
199092
199520
200191
200203
200252
200290
200390
200421
200757
201902
202339
202664
202758
202966
203293
203958
204346
204462
204768
205637
205768
206130
206813
206959
207322
207359
207586
209159
209242
211050
212123
213100
213202
214009
214678
214680
214846
215338
217062
217350
217622
217706
217743
217745
218166
218695
219500
219722
220244
220438
221393
222064
222245
222860
223345
223668
223936
224241
226565
227597
227855
228168
228434
228640
230044
231044
231262
231753
232014
234354
234369
235211
235420
235662
236144
236540
236595
236861
237069
237581
239504
239522
239653
240330
241475
241510
241749
242068
242985
244708
244846
245304
245432
245901
246855
247427
247762
247773
247792
248657
249027
249188
250097
250238
250782
250865
251637
252986
253023
253177
253194
253323
254656
255094
255283
256008
256047
257280
257436
259095
260217
261452
261544
262026
262105
262312
262603
262987
263276
264138
264602
264636
264806
264807
265426
266147
266305
267499
267596
268015
268784
268787
269758
270236
270768
271073
271211
274643
274649
275508
276269
276481
276684
276839
276840
277813
278516
278843
278902
278938
279072
279437
279447
279744
280062
280507
280587
280697
280757
282940
283071
283796
284054
284111
284265
284284
284408
284746
284749
286663
287064
288096
288740
288858
288902
289443
289468
289496
289574
290157
290188
290462
290795
291331
291490
291508
291650
291838
291930
292648
293459
294027
294028
294341
294745
295113
296196
297068
298146
298427
299093
299143
300194
307301
307339
307654
308065
308915
309240
309354
309647
310251
310720
310721
310780
310804
310909
311156
311798
312643
315642
316307
317417
317558
317627
318398
318499
318981
319031
319100
320006
321491
321912
321930
322808
323100
323330
323444
324798
324867
325012
325557
325734
326117
326344
327357
327885
327896
328198
328297
328760
328762
329568
330536
330760
331568
331905
333082
333180
333870
334420
334499
334814
335690
336118
336281
337030
337821
339633
339682
341437
342839
343459
343485
343741
343792
344112
344148
344359
344739
344966
345285
345362
345471
346057
347400
347723
348890
348955
349101
349406
350980
351373
353078
353262
354059
354146
355057
355457
355580
356048
356545
356821
357215
357803
359367
359435
360614
361181
361337
362525
362565
362655
363256
364125
364454
365498
365778
365945
366275
368318
368883
369676
370225
370974
371362
372249
373183
374489
374515
374675
374779
375678
376229
377013
377130
378267
378272
378452
378569
379968
379973
380167
380518
380707
381845
381856
382163
382971
383137
383826
384023
384789
384843
385692
386565
386876
386930
388417
390256
390873
391123
391628
392237
393402
393497
393919
394030
394083
394099
394773
394905
396386
396609
398151
398412
398514
398524
398925
399125
399459
401232
401611
404029
404940
405123
405378
405658
405774
405844
406119
407227
407408
407571
409250
409890
411373
411499
411642
412134
412139
414346
414500
415124
415773
415993
416807
417131
418105
418418
418464
418788
419954
420333
420541
420892
421136
421281
421507
422254
422384
422682
423160
423233
423362
423521
424384
424585
426049
426982
427267
427511
427609
427747
428447
429553
430221
430409
430591
431223
431512
431865
432336
432505
432863
433093
433342
433694
434413
435134
435587
436127
436888
437371
437769
438327
438834
439464
439564
440142
440483
440629
441187
441217
441573
441681
442496
443086
443361
443558
444640
445341
445918
445953
446214
446269
446888
446908
447175
447323
448141
448367
449268
450640
450805
451354
452173
452735
453068
453388
454386
454466
454645
455015
455090
455546
455892
456560
456613
456814
458334
458440
458806
458809
458963
459102
459259
459346
459781
460343
460549
461113
461715
461767
462021
462377
462438
462490
463446
463473
464245
465347
465554
466372
466506
466996
467170
467909
468711
469060
469140
469472
470785
471343
472779
472928
472960
473364
473396
473510
473522
474102
474234
474588
475602
475752
475818
476007
476076
476185
476558
476812
476892
477133
477636
477665
477733
478196
479262
480188
480491
481772
481982
482692
482941
483012
483233
484171
484243
484549
484912
485127
485929
486130
486182
486892
489105
489230
489478
489754
490710
491107
491280
491695
491862
491984
492011
492308
492636
492636
492942
493162
494203
494538
494608
494738
494862
494938
495379
496466
496610
496633
497407
497765
498381
498444
498532
498552
498838
499011
499428
500319
500498
500674
500729
500932
501456
501755
501776
501839
502436
502487
503122
504859
504883
505857
505917
507136
510690
510756
510875
511350
512056
512638
512795
513344
513506
514724
514743
514789
514856
514967
515354
515565
515863
515914
516767
516785
517668
518476
518513
519341
520201
520326
520963
521001
521131
521319
521485
521866
522209
522929
523696
523990
524396
524794
525704
525817
526000
527755
527836
528305
528709
528841
529756
531146
532207
532261
532335
532565
532636
532803
533920
534411
535064
535392
535998
536106
537504
537885
537992
538451
538528
538729
539871
540090
541026
541578
542019
542367
543170
543613
545439
545483
545621
545920
546493
549676
550499
550663
551176
551505
552003
552613
553975
554439
554472
555585
555724
555735
557769
558124
558464
560223
561674
561877
561937
561948
561968
562411
562933
563099
563291
563805
563954
564283
564482
564974
565448
565602
566480
567320
567583
567695
567871
567948
568910
568975
571942
572044
572680
573167
573478
573829
573914
574017
574069
574166
574594
574618
574869
575210
575346
575379
575517
575972
575994
576597
577857
578403
578843
579646
579720
580237
580773
580989
581202
583078
583364
584660
585772
585821
586111
587224
587316
587423
587733
587781
587942
591157
592477
593673
593783
594071
594589
595606
595628
596730
596796
597796
597871
598810
599172
599671
599914
600148
600333
600425
600490
600835
600855
601038
601257
602513
603458
606139
606532
606798
608439
608581
608664
610500
611192
611506
611836
611865
611911
612704
613547
613898
614220
614674
615236
616503
616698
617208
618084
619252
619321
619364
619397
619604
619891
620384
621324
621593
622243
622796
623285
623511
623705
624459
624499
624828
625549
625839
625878
626509
627112
627932
627933
629492
629966
630048
630743
631890
632407
633227
633558
633855
634581
634780
634892
635523
635596
635850
635947
636058
636133
637007
637260
637629
638678
638725
640298
640376
641064
641174
641192
641817
641975
642586
645428
646391
647325
647425
651410
651758
653844
654064
655175
655288
655649
655955
656367
656676
656722
657331
657994
658011
658346
658671
659096
659147
659565
659698
660137
662346
662594
662627
663154
664587
664643
664688
665505
666696
666837
667265
667726
667841
668756
668974
669158
669998
670942
671194
671291
671348
671736
671797
672713
672881
673684
674281
674904
675042
675074
676134
676600
676631
676755
677240
678640
678695
680246
680879
682669
682726
682751
683868
684521
684655
684779
685117
686513
686541
686610
686679
687459
687501
688272
688842
688933
689163
689308
689585
690363
690847
691520
691659
691850
692132
694028
694530
695042
695729
695998
696200
698354
698615
698861
699012
700229
700786
701212
701215
701992
701993
702048
702209
702324
703384
704233
704760
704782
705246
706235
707438
708374
708877
710010
710054
710594
711185
711260
711326
711782
712630
712794
712979
713284
713315
714112
715257
715911
717518
718540
718877
719260
719508
720585
721837
722751
723366
723464
724483
724591
725353
725975
726073
726158
726979
727195
727342
728948
729222
729466
730833
731557
731734
733772
733987
734921
734935
734958
735332
736078
736401
736558
736663
736809
737922
738054
738071
738637
738745
739250
739511
739626
739880
740293
740662
741209
741998
742362
743353
743400
743440
743868
744260
745222
745348
745724
745770
745971
745982
747452
747452
747649
748810
749664
750516
750756
750869
751035
751151
751427
751472
752009
752191
753943
754117
754844
755486
755567
755784
756733
757114
758062
758829
760209
760736
760992
761742
762665
762722
763219
763767
766334
766394
766626
767230
768064
769215
770082
770832
771024
771982
772531
773351
775261
775475
775981
776129
778085
778250
780166
780246
780386
780422
781067
783098
783778
783883
783904
784062
784068
784204
784295
784449
784665
785650
785727
786829
787541
787547
788224
789009
789111
789579
789852
790021
793004
793042
793068
794523
794550
794960
795149
795916
796052
796561
796676
796858
797071
797255
797739
798662
798719
799198
800607
801032
802027
802506
802760
802833
803903
804102
804812
805014
805199
805402
806055
806265
806552
808502
809284
810592
810992
811397
812707
813093
813277
814281
814520
815022
815108
815148
815528
815544
815712
816976
817298
817574
817581
817743
817905
818018
818534
819475
819540
820221
820717
821129
822331
822690
822760
823805
824847
825173
825190
826216
826258
827503
828120
828338
828437
828684
828972
830265
830273
830293
830472
832839
832883
834358
834517
834525
834886
834890
835035
835812
836657
836945
837564
838104
838875
839175
839332
839420
839957
839983
841897
842045
842731
845519
845574
845715
846497
846635
846773
847103
847454
847480
847626
847707
849049
849414
849657
849985
850015
850150
850460
850728
851669
852069
852865
852941
852942
853229
853444
854267
854731
854874
854936
854950
855591
855800
855801
856324
856515
856727
857058
857212
857482
857810
857823
857956
858008
858078
858254
859226
861186
861580
862131
862451
863765
864057
864280
864675
865058
865790
866517
866633
868423
869014
869708
870184
870419
871775
871820
872310
872713
873088
873257
873330
873669
875054
875357
875807
876055
876226
876667
876944
877853
879267
880051
880106
881169
882332
882983
885477
885796
885803
885907
886156
886345
886792
887368
887932
888545
888647
888672
889803
889858
890504
890787
891194
892595
893226
893536
894603
894966
896011
896261
896286
896510
897695
897878
898180
898454
898937
900060
900779
902451
902572
902840
902934
903772
903778
903792
904998
905258
905331
905489
907128
907162
907216
908032
908265
908371
908439
909006
909449
910911
911063
912424
912576
912725
914082
914141
914235
914754
917219
917553
917736
917894
918870
918891
919143
919414
919480
919715
920433
920441
920710
921164
921442
921672
922418
922622
923210
923296
923367
923601
923702
923793
924295
925108
925141
925161
926438
926579
926997
927384
928925
929185
929221
929677
930104
930113
930692
931030
931052
931323
931378
932133
932565
932591
932757
932872
933612
934027
934352
935614
935695
935766
936814
937546
937616
937689
938108
938626
939337
939344
939430
939675
943711
943749
944089
945273
945686
945869
947354
947435
947444
948127
948954
949157
949672
949926
949931
949969
950307
950330
950401
951593
951872
951881
951972
951986
952584
953143
953374
953442
954530
954875
955037
956708
956861
956883
957396
957618
958247
960693
961368
963194
964212
964270
964792
966026
967783
968130
968605
969156
969594
969604
970111
970430
970985
972336
972732
972902
973025
973073
973231
974309
974339
974851
975002
975189
975441
975610
976857
977620
977775
977833
977917
978207
978249
978255
979663
981445
983177
983748
983847
984331
984566
984846
984900
986174
986877
988950
989163
990711
990901
991175
991386
991760
991923
993059
993574
994179
994813
995051
995322
995529
995824
996450
996634
997510
998260
998944
999128
