34
642
871
1421
1675
1832
1955
2090
2704
2885
2999
3034
3158
3386
3824
4747
4841
4852
5193
5220
5764
6245
6541
6772
7000
7009
7139
7599
7740
8122
8182
8199
8962
9034
9568
10203
12072
12369
12926
12931
13618
13687
14387
14711
14988
15234
15704
15812
15997
16387
16918
16971
17408
17484
17660
17740
17826
17874
17885
18718
19060
19078
19505
20020
20169
21389
21644
21979
22109
22323
22767
23634
24030
24382
24827
26995
27196
27280
27500
28111
28347
28417
28427
28784
28837
29030
29293
29805
29911
29915
30414
30545
30741
31089
31383
31389
31410
31414
31748
31925
32061
32197
32241
32491
32709
33653
33777
33808
34037
34043
34050
34143
34649
34719
34721
35454
35668
35806
36471
36543
36626
36921
38460
38718
38918
39280
39301
39567
40425
40491
40525
41143
41203
41209
41560
41640
41706
42157
42517
42621
42763
43123
43145
43479
43512
43887
44162
44178
44247
44786
44825
45507
45723
45795
45988
46217
46356
46387
46548
46624
46647
47369
47484
47543
47841
47996
48021
48190
48448
48757
48905
49544
49762
50388
50527
50604
50686
51158
51379
51609
51718
51758
51953
52088
52148
52462
52895
53014
53162
53263
53378
53387
53822
54070
54271
54908
54967
55218
55229
55309
55741
55896
56056
56318
56343
56880
56938
57137
57419
57570
58292
58337
58411
58670
59125
59246
59835
59916
60224
60583
60748
61684
61807
62077
62198
62353
62516
62578
62816
62941
63162
63415
63757
63860
64326
64376
65085
66431
66617
66714
66792
67308
68000
68009
68621
69129
69199
70070
70179
70897
71088
71119
71268
71345
71952
72319
72549
72555
72629
73016
73184
73383
73712
74453
74736
75022
75130
76287
76515
76520
76578
77295
77723
77781
77809
78561
78643
78850
78945
79204
79451
79691
79805
79851
80159
80214
80471
80904
80985
81154
81540
81615
82258
82461
82870
82922
83565
83745
83903
85072
85722
85812
86070
86124
86672
86850
86983
87271
87626
87733
88083
88555
88618
88624
89016
89252
89358
89399
89405
89720
89825
89912
89952
90089
90118
90118
90222
90402
90420
90758
90820
91517
91609
91838
91914
91942
92115
92190
92512
92599
93838
94027
94054
94146
94386
94457
94657
94715
95261
95263
95297
95377
95502
95507
95586
96247
96935
96966
97043
97096
97334
97655
97875
97983
98756
98874
99326
99381
99632
99827
99976
100321
100438
100469
100809
101032
101175
101387
101454
101646
101726
102399
102624
102704
103358
103563
103839
104319
104769
104781
105135
105651
106368
106489
106490
106715
106998
107041
107367
107392
107532
107685
107712
108094
108358
108531
108694
108714
108847
109004
109074
109320
109469
109495
109793
109806
109878
110316
110639
110915
111232
111470
111564
111869
112128
112585
113090
113185
113213
113634
114102
114107
114452
114916
115046
115156
115260
115425
115437
115508
115676
115749
116324
116593
116801
116819
117003
117119
117589
117727
117780
118063
118172
118193
118383
119084
119346
119422
119691
120071
120223
120268
120410
120500
120814
121384
122123
122297
122317
122491
122496
122710
123458
123624
123871
123995
124379
125054
125157
125307
125903
126033
126137
126396
127267
127270
127551
127783
128104
128176
128305
128777
129052
129099
129132
130306
130423
130475
130486
130544
130808
131093
131514
131667
131774
131869
131894
131973
131992
132025
132648
132870
132894
132972
133145
133901
134061
134069
134153
134187
134609
134928
135410
135753
135967
136062
136141
136179
136489
136924
137104
137104
137119
137444
137512
137935
138299
139058
139517
139602
139624
139970
140182
140381
140783
141062
141212
141289
141502
141520
142009
142037
142350
142363
142656
142825
143085
143343
143354
144121
145014
145517
145629
145753
145773
146761
147165
147472
147559
147855
147904
148023
148224
148252
148670
149522
149842
150102
150129
150197
150790
150955
151000
151047
151171
151247
151640
152287
154230
154289
154697
155152
155846
156347
156678
156717
156789
157476
157584
158233
158235
158357
158450
158476
158487
158685
158885
158895
158959
159032
159159
159528
160381
161015
161216
161843
161939
162034
162321
162631
163106
163316
163446
163642
163792
164098
164347
164350
164605
164621
164655
164789
164825
164960
164981
165224
165545
165563
165700
165931
166275
166455
166477
166488
166532
166566
166604
166928
167365
167384
167409
167429
167508
167612
167881
168041
168998
169028
169097
169242
169264
169480
169786
170233
170456
170488
170580
170798
170935
171517
172402
172874
173032
173042
173063
173329
173358
173384
173527
173575
173619
173683
173768
174005
174194
175518
175815
176301
176362
176808
177115
177240
177274
177431
177491
177560
177574
177929
178326
178328
179135
179684
179890
179912
180334
181061
181094
181335
182170
182477
182638
182866
184409
184546
184698
184812
184864
186006
186798
187095
187480
187833
188008
188059
188113
188346
188925
188955
189009
189685
189883
190275
190431
190508
190817
191025
191228
191671
191724
191881
192165
192598
192726
192731
192925
193005
193382
193522
193658
194096
194165
194268
195031
195452
196366
196399
196492
196583
197010
197563
197796
197982
198008
198167
198434
198795
198884
198948
199025
199519
199548
199765
199903
200368
200954
201104
201147
201389
201588
201688
201693
201947
201992
202077
202768
202895
203199
203208
203309
203563
203807
203832
204083
204805
204854
205475
205921
205927
206057
206063
206083
206106
206254
206285
206382
206453
206645
206733
206827
206918
206933
207299
207722
207765
207965
208153
208288
208999
209022
209247
209308
210070
210815
210827
210873
211705
212197
212594
212708
212848
213200
213678
213743
214082
214115
214349
214536
214808
215362
215874
216124
216280
216491
216654
217265
217423
217590
217609
217983
218727
218933
219332
219721
219905
219934
220400
220490
220832
220867
220869
221200
221427
221484
221880
222004
222213
222773
222782
222932
223102
223180
223215
223264
223509
223686
224144
224185
224226
225140
225412
226422
226453
226870
226931
227085
227124
227441
227741
227881
227975
228505
229003
229110
229126
229321
229498
229850
230109
230192
230245
230298
230417
231122
231238
231315
231615
231841
232247
232554
233314
233736
233947
234211
234598
234668
235055
235235
235879
236436
236510
236622
236849
237225
237236
237528
237547
237549
238234
239072
239129
239494
239915
239942
240124
240184
240443
240521
240645
240762
240873
241284
241630
241787
241887
241895
242281
242812
242844
242942
243678
243783
243899
243924
244771
244879
244941
245173
245496
245723
245824
246092
246331
246763
246770
247133
247158
247511
248025
248157
248498
248612
249726
249853
249890
250172
250359
251577
251784
252184
252198
252209
252395
252682
252969
252985
253240
253585
253808
253889
253994
254761
255376
255398
255954
255989
256196
256204
256657
256891
256998
257327
257392
257548
258502
258736
258876
259427
259516
259752
261666
261694
261955
262103
262315
262516
262591
262799
263044
263171
263344
263366
263566
263696
263713
263822
264009
264187
264532
264795
265618
265752
265797
265881
266051
266315
266346
266390
266531
266580
266743
267080
267195
267201
267947
267949
268261
268469
269146
269286
269589
269663
269846
270642
270727
270968
270978
271026
271145
271170
271663
272063
272286
272536
272579
272642
272699
273751
274049
274195
274382
274463
275128
275142
275191
275721
275807
275907
276012
276104
276299
276339
276957
277161
277565
277653
277762
278424
279089
279308
279469
279965
280333
280955
281211
281553
281596
282697
282762
282819
283175
283272
283598
283788
283847
284153
284682
284967
285052
285122
285148
285265
285513
285524
285574
285603
285763
285970
286354
286507
287274
287586
287607
288027
288206
288390
288424
288794
288973
289232
289538
290004
290185
290283
290311
290659
291096
291319
291673
291734
291850
291916
292103
292122
292244
292327
292541
293225
293258
293506
293891
294002
294006
294034
294273
294710
294908
294943
295137
295221
295382
296033
296041
296378
296811
296926
297049
297293
297615
297740
297784
297904
298650
298661
298714
299057
299129
299643
300064
300461
300481
300634
300700
301008
301089
301818
302035
302076
302597
302704
303016
303090
303225
303750
304809
304884
304946
305196
305703
305928
306144
306405
306463
306506
306625
306786
307410
307466
307660
307729
307952
308310
308787
308837
309198
309835
309953
310170
310364
310636
310717
311113
311454
311504
311546
311648
311721
312432
313132
313311
313792
313928
314072
314171
314372
314547
314574
314605
314846
315029
315172
315382
315429
315472
315495
316082
316208
317534
317657
318022
318252
318604
319910
320277
321005
321540
321618
322227
322349
322631
322878
323182
323753
323813
323839
324345
324766
325144
325248
325365
325525
325543
326121
326314
326426
326551
326777
326860
326894
327057
327161
327364
327917
328411
329346
329566
329592
329596
330718
330729
330961
331027
331299
331415
331933
332157
332604
332627
332642
332650
332787
333101
333386
335264
335315
335363
335757
335811
335901
336459
336672
336746
336849
336870
338125
338138
338437
338991
339106
339154
339534
339701
340097
340495
340947
341529
341529
341542
341758
341772
342004
342402
342737
342782
342800
343035
343366
343392
343596
343760
343947
344679
344781
344995
345176
345230
345275
345283
345676
345940
346208
346243
346386
347185
347765
347839
347842
347875
348224
348389
348476
348490
349282
349482
350144
350447
350450
350823
350859
351168
351193
351383
351413
351558
351888
351892
351934
351983
352333
352919
353543
353688
353882
354407
354450
354823
354854
355027
355097
355117
355355
355362
355779
355963
356177
356550
356792
356842
356945
357701
357920
358091
358163
358477
358892
359028
359561
360175
360407
360463
360690
360902
360936
361553
361674
361732
361771
361856
361939
362305
362418
362473
362867
363546
363592
363681
363781
363934
364568
364897
364918
364921
364932
365050
365119
365290
365655
365863
365993
366066
366294
366678
366814
367115
367177
367479
367520
367657
367839
367842
368000
368276
368293
368481
368544
368708
369413
369606
369618
369774
369870
370117
370187
370217
370750
371099
371376
371397
371635
371656
372173
372530
372667
372752
372963
373775
373853
374056
374317
374462
374952
375560
376218
376279
376305
376539
376569
376589
376696
376956
377174
377521
377584
377664
378058
378540
378584
379955
380337
380829
380941
380966
381498
381589
381683
381926
381984
382135
382695
382867
382952
383178
384024
384308
384594
384668
384873
385041
385181
385320
385498
385687
386031
386229
386308
386431
386683
387030
387037
387282
387297
387639
388051
388119
389131
389210
389417
389694
389837
389940
389953
390106
390486
390882
391141
391306
391376
391404
391587
391892
392637
392648
392726
392769
392978
392990
393588
393691
393882
393949
393951
394043
394309
395344
395811
395888
396042
396514
397189
397212
397822
398370
398546
398574
398604
398781
399288
399365
399502
399520
400010
400173
400509
400562
400852
400899
401322
402404
403139
403197
403450
403758
404037
404169
404349
404419
404584
404855
405050
405620
405694
406014
406180
406532
406628
406703
406806
406843
407144
407319
407625
407680
407991
408191
408359
408415
408417
408656
409272
409359
409930
410293
410398
410416
410817
410832
411140
411857
411987
412122
413499
413701
413744
413989
414082
414597
415714
415806
415912
416245
416272
416447
416455
416524
416697
417038
417213
417351
417895
418294
418651
418761
418945
418959
419009
419172
419729
419786
420270
420875
421074
421212
421481
421486
421940
422450
422601
422881
423266
423267
423317
423318
423460
423496
423544
423808
423813
423986
424087
424459
424746
424957
425003
425225
425468
425683
426939
427148
428026
428152
428336
428403
428878
429483
429524
430012
430052
430062
430391
430837
430947
431109
431127
431541
431789
431827
431904
431924
431952
432012
432676
432693
433382
433394
433514
433635
434170
434240
434280
434313
434348
434502
434857
435606
435633
435978
436287
436508
436574
437462
437746
437814
438202
438381
438914
439259
439376
439376
439946
440095
440142
440332
440357
440550
440662
440932
440991
442486
442737
442767
442872
443015
443059
443081
443214
443537
443763
444210
444234
444530
444601
444681
445431
445969
446353
446445
446773
447186
447215
447403
447420
447493
447518
447638
447639
447802
447838
447922
448028
448096
448474
448886
449081
449238
449396
449650
449654
450703
450739
451472
451692
451756
451829
451926
452061
452727
452925
453249
453372
453396
453553
453558
453746
453923
454196
454324
454384
454671
454698
454773
455597
456377
456484
456884
457124
457199
457351
457927
458030
458137
458858
459040
459669
459801
460072
460229
460392
460502
462463
462989
463639
463796
463930
464018
464062
464465
464659
464928
465156
465192
465195
465467
465529
465535
465552
465918
465988
466238
466308
467022
467030
467313
467419
467545
467720
468288
468359
468423
468482
468715
468927
469002
469311
469782
470037
470067
470917
471312
471589
471620
471944
471976
472584
472871
473212
473284
473285
473411
473437
473676
473708
473931
474156
474737
475068
475307
475987
476242
476747
476751
477223
477357
477467
477900
477926
478195
478255
478369
478535
478545
478576
478625
479025
479955
480053
480242
480364
480467
480937
481190
481229
481616
481819
481905
482016
482421
482479
482528
482581
482894
483275
483569
483665
484277
484729
485494
485671
485972
486314
486436
486540
486668
486986
487031
487112
487254
487342
488152
488277
488554
488608
488766
488880
489051
489114
490502
490785
490942
491368
491593
492099
492353
492389
492426
492482
492512
492950
492951
493126
493551
493713
493925
493974
494129
494325
494544
495151
495161
495994
496067
496940
497076
497712
497786
497800
497820
498035
498738
498779
498851
499014
499087
499182
499448
499643
499941
499990
499999
500385
500539
501057
501092
501435
501862
501991
502712
502756
502979
503105
503153
503450
503570
503971
504836
504873
504996
505004
506040
506079
506215
506252
506521
507082
507934
508010
508587
508935
509000
509122
509504
509712
509960
509998
510014
510531
510641
510691
510826
511057
511229
511469
511535
511676
511676
511819
512549
512924
512936
512938
513601
514407
514979
515944
516238
516267
516288
516541
517213
517451
517681
517748
518061
518459
518850
519322
519967
520020
520155
520427
521110
521136
521267
521534
521576
521880
522647
523214
523224
523380
523460
523475
523514
523555
523819
523881
523931
523975
524163
524342
524434
524798
525305
525375
525614
525622
525798
525961
526183
526244
526588
526681
526687
527366
527367
527534
527946
528124
528161
528205
528358
528523
528665
528862
528903
529134
529274
530579
530938
531095
531207
531432
531456
532001
532261
532449
532471
532517
532519
532562
532676
532686
533104
533227
533252
533678
533958
534012
534485
534614
534763
534793
534968
535105
535355
535403
535651
535961
536015
536131
536201
536807
536811
537402
538387
538526
538816
538870
538921
539053
539259
539282
539285
539308
539337
539529
539574
539651
539968
539977
540229
540752
540957
541303
542775
542777
542784
543488
543608
543823
544186
544219
544278
544306
544508
545222
545826
546479
547040
547341
547417
547426
548084
548673
548733
548850
549209
549950
550992
551062
551614
551711
551941
552061
552623
552688
553248
553639
553743
553829
554658
555458
555679
555710
555807
556239
556388
557479
557649
557660
558147
558201
558351
559619
559672
559863
560113
560273
560317
560441
560872
560930
560935
561009
561213
561283
561388
561608
561652
561828
562028
562507
562563
562644
562865
563351
563471
563696
563771
563827
563852
564212
564781
564796
564846
565364
565537
565727
565891
566097
566130
566490
566522
566733
566925
567754
568028
568195
568207
568794
568853
569351
569401
569506
570051
570068
570172
570247
570658
570818
571318
572336
572595
572738
572846
572855
573170
573234
573829
574186
574338
574344
574357
574375
574525
574615
574971
575097
575114
575252
575772
576159
576452
576761
576949
577100
577220
577384
577505
577691
577850
577903
578161
578958
579112
579219
579229
579336
579450
579736
579856
580349
580850
580961
581386
581485
582658
582723
582902
582955
583329
583733
584010
584127
584257
584295
584364
585196
585256
585494
585509
585538
585872
585921
586144
586402
586900
587252
587332
587616
587722
588170
588190
588330
588500
588880
588918
589159
589332
589332
589399
589549
590361
590481
590916
591016
591188
591225
591241
591411
591838
592166
592315
592369
593191
593457
593627
593692
594111
594326
594431
594692
594827
595117
595344
595392
595540
595574
595969
596052
596336
596412
596519
596878
597116
597181
597291
597306
597311
597760
597902
597916
597972
598134
598272
598610
599665
600323
600558
600676
601692
601982
602051
602632
602945
603068
603615
603687
603996
604099
604261
604266
605118
605180
605370
606388
606453
606967
607066
607179
607529
607777
608346
608457
608601
608767
609211
609512
609644
609699
609985
610116
610710
611643
612734
613613
614285
614306
614580
614887
614977
615310
615706
615952
616089
616169
616286
616450
616572
616969
617058
617303
617654
618111
618186
618309
619045
619259
619304
619539
619669
620012
620410
620463
620514
620770
620790
620960
620977
621283
621481
622406
622633
622748
623071
623453
623696
624365
624483
624643
624677
625163
626170
626213
626552
626756
627051
627175
627339
627441
628443
628724
628777
628840
629785
630091
630265
630690
631488
632140
632257
632764
632891
633413
633957
633990
634935
636206
636231
636582
636585
636698
636882
638461
638463
638472
638540
639211
639400
639408
639671
639808
639923
640191
640569
641136
641539
641589
642327
642412
642746
643142
643275
643930
644008
644429
644707
644755
644759
644785
644815
644930
645079
645269
645402
645425
646003
646033
646111
646284
646584
647067
647086
647950
648283
648657
648846
649485
649514
649514
649552
649581
649586
649596
649972
649997
650118
650304
650460
650490
651081
652054
652298
652416
652432
652446
652494
652701
653061
653535
653973
654051
654119
654289
654480
654640
654797
655011
655706
656203
656600
656618
656963
657064
657761
657905
658273
658824
659175
659447
660030
660249
660303
660360
660935
661165
661237
661453
661599
661838
662369
662419
662866
662975
663167
663253
664388
664939
665098
665379
665408
665410
665451
665551
665784
665932
665947
666292
666317
666454
666477
666591
666838
667244
667279
668120
668584
668625
668701
668728
669052
669203
669295
669434
669580
669753
669770
669820
670328
670509
671100
671328
671351
671473
672109
672490
672565
673297
673979
674219
674267
674808
675011
675991
676226
677180
677309
677445
677684
677739
678059
678066
678326
678408
678575
679137
679595
679800
679823
680086
680298
680344
680514
680569
681000
681036
681064
681446
681494
681605
681633
681801
681838
681929
682006
682160
682264
682357
682414
682531
683501
683766
683815
683958
684393
684486
684506
684600
684852
685300
685463
685736
686736
687263
687264
688271
688300
689072
689534
690600
690604
692085
692356
692413
692478
692636
692718
692904
692927
693608
693630
694196
694473
694914
695284
695305
695394
695696
695868
695927
696012
696135
696213
697104
697153
697394
697466
697512
697778
697828
697869
698102
698280
698981
699765
699861
699903
699920
700831
700963
701315
701794
701924
702267
702269
702428
702681
702735
703355
703433
703761
704763
704844
705106
705353
705619
706174
706185
706710
706738
706901
707287
707406
707569
707777
707845
708174
708176
708182
708776
709453
709589
709826
709872
710091
710126
710380
710520
710603
710979
711455
711746
712265
712889
713231
713718
714203
714240
714271
715251
715270
715512
716186
716280
716532
717296
717335
717373
717654
717811
717886
717990
718304
718750
718893
719020
719408
719428
719898
719937
720341
720392
720742
721425
721546
721607
721802
722059
722197
722966
723676
723950
724462
724524
724767
724781
724918
725327
725728
725859
726053
726307
726310
726529
726601
726943
727067
727387
727580
727635
727704
727793
727815
727942
728192
728254
728638
728686
728722
729033
729305
729305
729605
729662
729989
730072
730147
730792
731317
731893
731961
732059
732196
732239
732416
732533
732591
732633
732671
733419
733426
733902
733965
734151
734296
734391
734531
734545
734770
734936
735356
735534
735942
736090
736134
736284
736691
736756
737301
737655
737837
737906
737927
737931
738157
738401
738731
738874
739215
739258
739406
739416
739470
739761
739892
739922
740599
740667
740772
740831
740954
741912
743419
743880
744178
744207
744328
745453
745685
745785
745917
746184
746393
746701
747234
747377
747437
747550
747632
748003
748179
748324
748425
748431
748538
748638
749096
749241
749266
749650
750330
750529
750887
751014
751025
751240
751513
751650
751745
752078
752300
752783
752990
753220
753758
754690
754774
755129
755796
756064
756121
756626
756970
757071
757141
757268
757345
757858
757951
757978
758819
758859
759033
759121
759308
759345
759571
759852
760008
760349
760529
760771
761211
761251
761415
761498
761553
761920
762252
762316
762995
763078
763210
763825
764013
764319
764414
764609
764695
764919
765672
765885
765977
766225
766330
766526
766589
766942
767031
767036
767181
767765
767770
767797
768058
768205
768795
768825
769034
769237
769603
770156
770560
770638
771089
771139
771281
771314
771385
771415
771423
771916
771927
771945
772409
772462
772502
772929
773541
773740
773946
774102
774245
774368
774479
774717
774795
775027
775306
776318
776400
776568
776601
776686
777271
777309
777358
778114
778141
778401
778710
779433
779637
779868
780029
780317
781533
781688
781725
781861
781882
782644
783018
783260
783294
783336
783599
784176
784315
784473
784497
784524
785237
785539
785612
786015
786639
787119
788224
788936
789139
789464
790804
791379
791456
791483
791893
792138
792376
792797
792824
792836
793051
793145
793909
794125
794171
794305
794375
794885
795129
795187
795204
795632
796003
796418
796434
796481
796818
797024
797337
797523
797639
797871
798914
799053
799128
799324
799606
800161
800670
800806
801348
801651
801732
801900
802782
802841
803396
804001
804206
804214
804233
804811
805038
805114
805157
805593
805864
806420
806432
806722
807096
807163
807781
807878
807952
807955
807970
807984
808219
808292
808349
808855
809000
809003
809222
809755
809934
809952
810452
810970
811027
811221
811528
812016
813027
813097
813647
813890
814080
814178
814225
814553
815016
815255
815359
815488
815978
816228
816237
816367
817138
817424
817450
817462
817772
817937
818113
818196
818892
819478
819497
819671
819718
819763
820021
820041
820239
820405
820435
820679
820710
820854
821531
821739
822213
822311
822405
822884
823212
823963
824076
824084
824217
824482
824603
824740
824754
825261
825517
825556
825985
826178
826238
826500
826578
826718
827187
827374
827468
827490
827746
828012
828271
828333
828345
828505
828981
829011
829269
829657
829997
830075
830253
830334
830771
831043
831096
831141
831257
831280
831296
831606
831742
831780
831813
832381
832446
832506
832914
833316
833320
833384
833478
833853
834335
834423
834823
834867
834965
835160
835417
836250
836614
837174
837220
837663
838228
838669
838869
839039
839328
839377
840142
840447
840463
840887
841276
841283
841320
841546
841837
842037
842260
842304
842472
842566
842722
843339
843548
843754
843839
843856
843864
843968
844082
844294
844575
845041
845783
846067
846183
846199
846700
846737
846903
846997
847198
847367
847475
850123
850731
850738
850795
850956
851314
851467
851643
851702
852282
852284
852350
852876
853012
853232
853373
853384
853478
854122
854210
854405
854469
854633
854766
854807
854814
854906
854938
854944
855063
855082
855327
855512
855715
855785
855959
856088
856337
856614
857354
857588
857676
857735
858024
858526
858552
858744
858881
858953
859013
859080
859539
859968
860342
860643
860797
860823
861364
861456
861490
861497
861701
861865
862260
862275
862430
862479
862588
863181
863259
863295
863348
863663
864484
864592
864895
865111
865244
865310
865740
865843
865973
865983
866178
866455
866506
867027
867320
867488
867516
867570
867739
867758
867954
868180
868537
868571
868751
868880
869035
869169
869609
869732
869982
870791
871150
871371
871626
871831
871858
872480
873059
873088
873706
873925
873948
873953
874123
874226
874270
874421
874872
874965
875329
875470
875660
876002
876045
876597
876616
876761
876867
876877
876900
877103
877161
877245
877344
878232
878352
880848
880953
881239
881530
881663
881783
881811
882486
883008
883119
883309
883426
883512
883649
883905
884009
884153
884213
884303
884369
884854
884978
885160
885715
886191
886205
886764
887003
887240
887351
887450
887517
887816
888619
888701
888753
888802
888945
888997
889156
889222
889231
889250
889381
889388
889660
890116
890449
890458
890559
891244
891448
891842
892021
892242
892334
892338
892353
892706
892759
892932
893162
893745
893936
894216
894246
894347
894491
894544
894714
894921
894927
895008
895710
896108
896260
896310
896327
896455
896577
896962
897011
897073
897168
897452
897551
898319
898387
898594
898793
899109
899237
899416
900203
900285
900983
901177
901455
901947
902315
902795
903789
903820
903922
903982
904104
904934
904944
905010
905103
905254
906038
906175
906289
906439
906501
907304
907389
907498
907571
907663
908346
908357
908485
908519
908526
908575
908747
908789
909230
909278
909367
909689
910044
910361
910385
910487
910497
910737
910877
911131
911252
911434
911637
911925
911988
912295
912462
912474
912649
913178
913358
913550
913582
913936
913968
914134
914172
914471
914553
914629
914996
915171
915195
915255
915281
915390
916271
916353
916668
916919
917229
917552
917647
917667
918126
918398
918480
919108
919568
919595
920170
920467
921462
921585
921719
921903
922382
922511
923097
923213
923340
923920
924361
924712
924738
924796
925259
925356
925467
925469
926693
927405
927796
928429
928541
928689
928811
929463
929800
929814
930408
930967
931406
931434
931864
931869
932117
932317
932438
932542
932582
933700
933869
934008
934101
934459
934611
934699
934870
934887
934998
935438
935614
935734
936025
936140
936352
936401
936669
936820
936993
937105
937133
938225
938273
938335
938462
938815
939052
939145
939156
939492
939828
939909
940001
940079
940135
940145
940422
940520
940626
940853
941305
941357
941746
942113
942161
942322
942454
942656
943745
943818
943920
943996
944142
944287
944607
944910
945022
945522
945647
945708
946015
946662
946806
946981
947115
947133
947833
948440
948629
948677
948979
949018
949038
949136
949308
949383
949449
949553
949586
949757
950090
950598
950635
950638
951253
951258
951286
951364
951373
951570
951906
951912
951932
952102
952102
952124
952157
952184
952295
952470
952704
952859
952958
953091
953199
953375
953581
954398
954878
954921
955012
955045
955091
955532
955804
956548
957095
957348
957366
957419
957493
957554
957618
958002
958183
958344
958486
958599
959079
959251
959265
959487
959778
959834
960599
960979
961595
961728
961823
961844
961905
962200
962652
962928
963721
963749
963758
964703
965050
965113
965273
965578
965940
966405
966918
967026
967293
967320
967688
968501
968567
968825
968838
968976
969235
969391
969779
970223
970345
970749
970792
970819
970928
971407
971668
972053
972182
972554
972739
972741
972941
973019
973927
974050
974460
974805
974987
975384
975488
975628
975799
976205
976675
976904
977459
977876
978058
978638
978827
979056
979095
979627
979801
979852
980064
980435
980927
981070
981220
981330
982154
982227
982351
982386
982708
983147
983304
983316
983412
983492
983669
983867
983919
984020
984196
984379
984459
984548
984598
984786
984875
984902
985717
985773
986087
986299
987012
987024
987115
987212
987323
988045
988141
988210
988421
988970
989160
989275
989473
990346
990562
990841
991100
991469
991988
992179
992459
993082
993082
993651
993708
994191
994359
994851
995220
995756
996371
996408
996548
996773
996926
996959
997465
997671
997972
998029
998029
998140
998421
998520
998681
999114
999192
999271
999422
999682
999895
999994
